s_arrival_sample,s_pick,s_probability,s_error
616,614,0,2
709,705,0,4
382,393,0,-11
2755,2761,0,-6
1291,1252,0,39
1015,961,0,54
1056,1052,0,4
797,814,0,-17
1248,1233,0,15
2199,2193,0,6
657,665,0,-8
2632,2641,0,-9
1197,1185,0,12
938,932,0,6
527,521,0,6
580,574,0,6
507,507,0,0
1770,1767,0,3
1688,1665,0,23
299,294,0,5
1694,1593,0,101
1253,1252,0,1
2215,2193,0,22
890,953,0,-63
2710,2732,0,-22
3020,3025,0,-5
1021,1025,0,-4
2607,2593,0,14
1780,1785,0,-5
908,904,0,4
608,607,0,1
746,745,0,1
2159,2153,0,6
1582,1513,0,69
988,984,0,4
2429,2225,0,204
1478,1521,0,-43
425,424,0,1
1271,1313,0,-42
1087,1078,0,9
1088,972,0,116
680,762,0,-82
774,774,0,0
2412,2361,0,51
1514,1532,0,-18
1408,1412,0,-4
1288,1361,0,-73
2271,2172,0,99
988,984,0,4
525,513,0,12
969,967,0,2
1077,1092,0,-15
1849,1865,0,-16
2685,2652,0,33
1770,1745,0,25
849,852,0,-3
1383,1345,0,38
794,785,0,9
2150,2153,0,-3
579,593,0,-14
1512,1505,0,7
248,241,0,7
1392,1401,0,-9
1569,1585,0,-16
621,614,0,7
1039,1041,0,-2
632,625,0,7
895,878,0,17
1706,2113,0,-407
926,905,0,21
1824,1833,0,-9
2902,2892,0,10
2362,2353,0,9
326,,,
1333,1327,0,6
508,521,0,-13
2109,2185,0,-76
1736,1732,0,4
737,721,0,16
984,984,0,0
998,998,0,0
2367,2374,0,-7
1145,1174,0,-29
2094,2092,0,2
1401,1393,0,8
1220,1233,0,-13
1079,1087,0,-8
2113,2105,0,8
422,424,0,-2
1060,1064,0,-4
1577,1574,0,3
581,574,0,7
1198,1174,0,24
914,904,0,10
860,854,0,6
1421,1494,0,-73
2185,2207,0,-22
1021,1024,0,-3
604,894,0,-290
712,705,0,7
1837,1612,0,225
1234,1225,0,9
874,705,0,169
994,1054,0,-60
955,958,0,-3
931,944,0,-13
2348,2345,0,3
844,841,0,3
1374,1345,0,29
787,785,0,2
2390,2412,0,-22
1108,1065,0,43
1618,1612,0,6
2301,2313,0,-12
647,647,0,0
902,905,0,-3
215,225,0,-10
2037,2033,0,4
1101,1121,0,-20
690,692,0,-2
2440,2414,0,26
661,585,0,76
1055,1087,0,-32
958,854,0,104
1306,1283,0,23
448,527,0,-79
620,624,0,-4
2720,2721,0,-1
1068,1073,0,-5
1978,1972,0,6
2935,2932,0,3
1657,1652,0,5
949,972,0,-23
2064,2054,0,10
613,593,0,20
1099,1073,0,26
1150,812,0,338
1078,1094,0,-16
1055,1052,0,3
501,504,0,-3
2112,2065,0,47
1139,1127,0,12
918,927,0,-9
2215,2214,0,1
557,,,
1786,1761,0,25
571,574,0,-3
2853,2865,0,-12
1359,1345,0,14
742,745,0,-3
1224,1212,0,12
2733,2734,0,-1
1706,1732,0,-26
1291,1305,0,-14
2830,2825,0,5
1280,1287,0,-7
1726,1705,0,21
2526,2614,0,-88
2209,2185,0,24
1429,1425,0,4
1570,1545,0,25
1356,1345,0,11
1032,1038,0,-6
907,892,0,15
1677,1745,0,-68
240,238,0,2
2738,2745,0,-7
782,1134,0,-352
1024,1033,0,-9
1323,1304,0,19
3217,3185,0,32
2023,2033,0,-10
3230,3252,0,-22
976,961,0,15
3018,3012,0,6
853,854,0,-1
1993,1972,0,21
1633,1633,0,0
2777,2753,0,24
1002,5304,0,-4302
2515,2521,0,-6
3183,3254,0,-71
2038,2014,0,24
1425,1401,0,24
1011,1025,0,-14
754,745,0,9
2111,2105,0,6
742,732,0,10
1249,1265,0,-16
680,673,0,7
229,241,0,-12
2484,2454,0,30
2527,2505,0,22
1119,1113,0,6
220,224,0,-4
1464,1454,0,10
906,922,0,-16
1045,1041,0,4
827,812,0,15
1002,998,0,4
441,452,0,-11
2184,2185,0,-1
954,953,0,1
1031,5345,0,-4314
1032,1121,0,-89
652,652,0,0
685,5134,0,-4449
864,913,0,-49
1481,1478,0,3
1573,1572,0,1
663,652,0,11
764,705,0,59
856,825,0,31
2570,2561,0,9
2369,2367,0,2
1393,1401,0,-8
708,692,0,16
270,265,0,5
589,601,0,-12
829,825,0,4
1266,1273,0,-7
762,772,0,-10
761,761,0,0
1106,1105,0,1
1325,1318,0,7
898,905,0,-7
644,593,0,51
723,718,0,5
1093,1113,0,-20
928,927,0,1
703,633,0,70
921,974,0,-53
2059,2052,0,7
2636,2633,0,3
376,353,0,23
1297,1294,0,3
1161,1172,0,-11
622,625,0,-3
1978,1985,0,-7
1254,5492,0,-4238
847,847,0,0
1048,1033,0,15
856,854,0,2
945,945,0,0
1393,1401,0,-8
720,727,0,-7
414,401,0,13
1735,1745,0,-10
548,545,0,3
492,481,0,11
1681,1681,0,0
1310,1294,0,16
2322,2385,0,-63
2297,2292,0,5
534,532,0,2
1026,3852,0,-2826
1466,1465,0,1
1870,1873,0,-3
312,304,0,8
924,927,0,-3
601,598,0,3
851,825,0,26
1484,1481,0,3
889,892,0,-3
906,961,0,-55
788,793,0,-5
1699,1687,0,12
1227,1225,0,2
1133,1145,0,-12
725,732,0,-7
1767,1772,0,-5
317,318,0,-1
917,913,0,4
1469,1473,0,-4
895,892,0,3
541,532,0,9
1594,1593,0,1
1419,1414,0,5
2457,2433,0,24
1070,1092,0,-22
2255,2468,0,-213
2305,2305,0,0
526,,,
437,438,0,-1
1064,1052,0,12
2170,2172,0,-2
1635,1614,0,21
2731,2727,0,4
437,505,0,-68
781,772,0,9
1467,1473,0,-6
1775,1772,0,3
1001,1007,0,-6
1083,1105,0,-22
621,627,0,-6
1352,1344,0,8
635,624,0,11
1268,1292,0,-24
939,944,0,-5
2199,2198,0,1
1353,1332,0,21
1126,1374,0,-248
543,558,0,-15
1566,1561,0,5
595,587,0,8
2643,2633,0,10
498,492,0,6
2818,2814,0,4
746,692,0,54
3862,4433,0,-571
390,401,0,-11
1857,1865,0,-8
3087,3065,0,22
2137,2305,0,-168
1427,1441,0,-14
2536,2545,0,-9
1475,1473,0,2
998,993,0,5
1135,1132,0,3
3651,3892,0,-241
900,904,0,-4
685,681,0,4
1572,1572,0,0
1856,1921,0,-65
1328,1334,0,-6
584,585,0,-1
769,767,0,2
1234,1265,0,-31
775,772,0,3
653,641,0,12
1235,1238,0,-3
1176,1172,0,4
3249,3025,0,224
727,732,0,-5
1996,2012,0,-16
1038,1042,0,-4
399,412,0,-13
1545,1574,0,-29
3760,3673,0,87
602,601,0,1
746,545,0,201
874,873,0,1
1622,1624,0,-2
3251,3345,0,-94
1220,1238,0,-18
680,721,0,-41
991,984,0,7
1478,1473,0,5
3633,3614,0,19
1646,1647,0,-1
994,1012,0,-18
758,758,0,0
601,561,0,40
1824,1812,0,12
400,393,0,7
1476,1454,0,22
1256,1247,0,9
1054,1132,0,-78
426,494,0,-68
510,2345,0,-1835
2895,2974,0,-79
1825,1812,0,13
936,934,0,2
895,892,0,3
932,934,0,-2
723,732,0,-9
978,972,0,6
1542,1534,0,8
1478,1505,0,-27
560,553,0,7
1325,1327,0,-2
1141,1132,0,9
2317,2313,0,4
3103,3121,0,-18
870,865,0,5
1745,1801,0,-56
1811,1812,0,-1
970,969,0,1
1632,1625,0,7
1223,1185,0,38
1470,1207,0,263
2786,2345,0,441
1368,1372,0,-4
1789,1793,0,-4
2098,2092,0,6
512,504,0,8
1078,1078,0,0
1117,1118,0,-1
1146,1153,0,-7
1076,1073,0,3
571,572,0,-1
607,607,0,0
681,692,0,-11
1328,1332,0,-4
1674,1678,0,-4
549,518,0,31
492,494,0,-2
2070,2185,0,-115
1862,1878,0,-16
531,532,0,-1
1309,1305,0,4
1195,1212,0,-17
1072,1078,0,-6
304,304,0,0
855,847,0,8
703,713,0,-10
264,252,0,12
942,934,0,8
1042,1054,0,-12
1698,1721,0,-23
1452,1447,0,5
1080,1065,0,15
908,894,0,14
667,625,0,42
966,961,0,5
886,881,0,5
594,593,0,1
2368,2372,0,-4
681,692,0,-11
403,401,0,2
1258,1172,0,86
3230,3254,0,-24
1153,1167,0,-14
1009,1001,0,8
1345,1345,0,0
1224,1207,0,17
2296,2385,0,-89
1148,1134,0,14
1186,1167,0,19
1925,1904,0,21
808,812,0,-4
2619,2865,0,-246
1333,1318,0,15
3081,3174,0,-93
1334,1332,0,2
878,854,0,24
1543,1521,0,22
1111,905,0,206
893,905,0,-12
1087,1092,0,-5
1720,1704,0,16
299,292,0,7
1643,1633,0,10
808,812,0,-4
3217,3252,0,-35
1479,1265,0,214
396,401,0,-5
279,281,0,-2
2233,2233,0,0
651,652,0,-1
1883,1905,0,-22
2280,2273,0,7
297,292,0,5
1477,1473,0,4
980,972,0,8
2635,2625,0,10
614,647,0,-33
2287,2225,0,62
1165,1172,0,-7
1284,1287,0,-3
2546,2545,0,1
748,732,0,16
2000,1993,0,7
3206,3185,0,21
1211,1225,0,-14
2382,2353,0,29
640,638,0,2
2613,2654,0,-41
1043,1007,0,36
892,1105,0,-213
1922,1894,0,28
2148,2153,0,-5
1979,1958,0,21
1110,1092,0,18
1293,2753,0,-1460
2679,2687,0,-8
1414,1407,0,7
1530,1545,0,-15
2136,2145,0,-9
615,602,0,13
1492,1492,0,0
1270,1254,0,16
426,414,0,12
298,384,0,-86
1022,1025,0,-3
2243,2225,0,18
2228,2225,0,3
922,921,0,1
1640,1641,0,-1
1749,1745,0,4
773,762,0,11
577,574,0,3
1438,1433,0,5
948,958,0,-10
1550,1532,0,18
2439,2465,0,-26
363,361,0,2
1804,1894,0,-90
712,727,0,-15
613,633,0,-20
1441,1401,0,40
1399,1401,0,-2
1121,1052,0,69
1887,1892,0,-5
996,692,0,304
540,532,0,8
2110,2025,0,85
962,972,0,-10
1211,1212,0,-1
3248,3345,0,-97
3050,3041,0,9
2777,2793,0,-16
1032,1033,0,-1
519,513,0,6
956,967,0,-11
1299,1294,0,5
349,344,0,5
1024,1167,0,-143
503,513,0,-10
1172,1172,0,0
1540,1513,0,27
1452,1441,0,11
1492,1494,0,-2
1979,1932,0,47
1061,1064,0,-3
2145,1585,0,560
310,313,0,-3
1167,1105,0,62
2079,2145,0,-66
1700,1721,0,-21
933,945,0,-12
866,881,0,-15
1196,1214,0,-18
2670,2652,0,18
820,824,0,-4
2468,2452,0,16
4044,4287,0,-243
549,545,0,4
1214,1212,0,2
1452,1441,0,11
1272,1273,0,-1
1358,1372,0,-14
722,744,0,-22
2088,2073,0,15
1076,1092,0,-16
216,233,0,-17
1163,1167,0,-4
964,958,0,6
1630,1614,0,16
1444,1313,0,131
270,273,0,-3
1192,1233,0,-41
1266,1254,0,12
1129,3641,0,-2512
1005,,,
1144,1153,0,-9
2811,2812,0,-1
702,704,0,-2
599,598,0,1
1256,1264,0,-8
1619,1614,0,5
576,567,0,9
1980,1974,0,6
911,904,0,7
382,384,0,-2
3237,3254,0,-17
1401,1393,0,8
826,814,0,12
2446,2452,0,-6
1415,1385,0,30
1490,1505,0,-15
2719,2673,0,46
1232,1212,0,20
1295,1273,0,22
557,548,0,9
533,513,0,20
557,567,0,-10
2741,2732,0,9
773,772,0,1
1149,1134,0,15
2102,2105,0,-3
1970,1967,0,3
2181,2172,0,9
636,593,0,43
1586,1585,0,1
2196,2212,0,-16
1164,1167,0,-3
687,732,0,-45
1229,1201,0,28
1737,1785,0,-48
730,721,0,9
573,567,0,6
518,518,0,0
892,894,0,-2
576,574,0,2
948,961,0,-13
697,767,0,-70
1076,1087,0,-11
939,944,0,-5
2511,2625,0,-114
1243,1233,0,10
694,687,0,7
1451,1433,0,18
1321,1294,0,27
2678,2665,0,13
943,932,0,11
684,687,0,-3
1973,1961,0,12
1407,1401,0,6
956,932,0,24
1940,1998,0,-58
985,993,0,-8
2876,2878,0,-2
1396,1393,0,3
2168,2153,0,15
496,494,0,2
1058,1054,0,4
976,972,0,4
1475,852,0,623
3586,3713,0,-127
825,841,0,-16
614,612,0,2
1151,1153,0,-2
1041,1972,0,-931
3181,3174,0,7
1122,1121,0,1
977,985,0,-8
514,513,0,1
952,932,0,20
1757,1772,0,-15
1955,1945,0,10
758,753,0,5
1016,1014,0,2
699,633,0,66
1357,1358,0,-1
403,412,0,-9
1249,1265,0,-16
2856,2854,0,2
1287,1287,0,0
604,5174,0,-4570
2213,2225,0,-12
3068,,,
1267,1278,0,-11
1065,1065,0,0
1306,1305,0,1
849,847,0,2
2239,2233,0,6
2828,2825,0,3
814,812,0,2
798,801,0,-3
697,704,0,-7
728,727,0,1
1116,1118,0,-2
1382,1372,0,10
1523,1532,0,-9
575,601,0,-26
2192,2212,0,-20
2074,2065,0,9
585,585,0,0
1389,1385,0,4
2201,2332,0,-131
1806,1825,0,-19
2829,2838,0,-9
3007,2972,0,35
2092,2092,0,0
694,704,0,-10
994,1012,0,-18
848,852,0,-4
1476,1478,0,-2
1606,1614,0,-8
1099,1153,0,-54
507,507,0,0
1742,1713,0,29
1048,1052,0,-4
1046,1025,0,21
1434,1425,0,9
2439,2452,0,-13
1311,1313,0,-2
1557,1553,0,4
464,487,0,-23
1045,1038,0,7
1344,1334,0,10
2990,3001,0,-11
983,974,0,9
1444,1553,0,-109
1175,1273,0,-98
841,847,0,-6
2723,2732,0,-9
2032,2033,0,-1
1508,1521,0,-13
681,673,0,8
1138,1132,0,6
765,745,0,20
2460,2465,0,-5
2593,2614,0,-21
550,544,0,6
1041,1033,0,8
1226,1081,0,145
880,878,0,2
1287,1313,0,-26
1012,1012,0,0
1014,1041,0,-27
1540,1534,0,6
897,913,0,-16
1384,1372,0,12
840,814,0,26
844,945,0,-101
1581,1372,0,209
662,665,0,-3
1321,1305,0,16
1447,,,
2875,2892,0,-17
1735,1694,0,41
1710,1705,0,5
1381,1361,0,20
926,934,0,-8
1008,1012,0,-4
1505,1494,0,11
1480,1478,0,2
839,852,0,-13
852,864,0,-12
1192,1184,0,8
2322,2332,0,-10
423,425,0,-2
2644,2585,0,59
1348,1385,0,-37
788,793,0,-5
1187,1172,0,15
1418,1412,0,6
1319,1305,0,14
479,465,0,14
3624,3847,0,-223
1734,1732,0,2
1455,1452,0,3
2386,2492,0,-106
3311,3345,0,-34
904,921,0,-17
596,607,0,-11
991,985,0,6
2282,2281,0,1
1222,,,
2382,2372,0,10
2433,2505,0,-72
615,614,0,1
1170,1172,0,-2
298,294,0,4
1777,1761,0,16
1052,1054,0,-2
1934,1905,0,29
779,772,0,7
835,847,0,-12
482,478,0,4
1596,1593,0,3
1442,1452,0,-10
942,944,0,-2
1025,945,0,80
1138,1134,0,4
3765,3825,0,-60
701,704,0,-3
2748,2732,0,16
894,1454,0,-560
1837,1838,0,-1
1183,1233,0,-50
679,654,0,25
183,184,0,-1
1436,1452,0,-16
1370,1361,0,9
1707,1774,0,-67
460,452,0,8
1133,1153,0,-20
1056,,,
1709,1713,0,-4
1259,1254,0,5
3442,3425,0,17
2371,2353,0,18
1620,1614,0,6
454,433,0,21
903,904,0,-1
484,481,0,3
2015,,,
754,753,0,1
783,774,0,9
1770,1414,0,356
657,673,0,-16
635,638,0,-3
839,833,0,6
1043,1052,0,-9
1245,1233,0,12
347,344,0,3
2368,2361,0,7
291,292,0,-1
2787,2745,0,42
1084,1065,0,19
470,467,0,3
382,374,0,8
841,854,0,-13
623,614,0,9
1116,1118,0,-2
969,953,0,16
1408,1425,0,-17
358,353,0,5
1063,1065,0,-2
625,638,0,-13
692,694,0,-2
1489,1505,0,-16
886,892,0,-6
1060,1054,0,6
1336,1332,0,4
1493,1492,0,1
408,407,0,1
1911,1905,0,6
1204,1198,0,6
917,921,0,-4
946,932,0,14
1067,1054,0,13
882,854,0,28
734,665,0,69
2571,2593,0,-22
1938,1913,0,25
1229,1225,0,4
610,614,0,-4
548,532,0,16
2888,2793,0,95
1194,1193,0,1
963,932,0,31
2142,2153,0,-11
1122,1134,0,-12
609,612,0,-3
434,414,0,20
1289,1265,0,24
686,673,0,13
2020,2012,0,8
1930,1865,0,65
454,441,0,13
1306,1305,0,1
1337,5694,0,-4357
2208,2212,0,-4
941,905,0,36
3514,3561,0,-47
3094,3113,0,-19
738,713,0,25
1685,1652,0,33
847,852,0,-5
2766,2705,0,61
387,393,0,-6
1087,1092,0,-5
2012,2012,0,0
1080,1078,0,2
3327,3374,0,-47
432,441,0,-9
1194,1198,0,-4
1716,1713,0,3
661,614,0,47
2593,2534,0,59
1505,1513,0,-8
1685,1692,0,-7
1067,1081,0,-14
1648,1641,0,7
1187,1174,0,13
596,607,0,-11
929,921,0,8
1023,1014,0,9
508,505,0,3
3719,3713,0,6
661,664,0,-3
2268,,,
2368,2361,0,7
2322,2385,0,-63
1351,1353,0,-2
1124,852,0,272
1874,1873,0,1
1747,1732,0,15
1086,1092,0,-6
1088,1065,0,23
752,753,0,-1
1083,1081,0,2
204,202,0,2
791,798,0,-7
1050,1094,0,-44
1973,1961,0,12
636,681,0,-45
3101,3094,0,7
1035,1033,0,2
454,494,0,-40
807,801,0,6
1831,1852,0,-21
755,734,0,21
735,732,0,3
1316,1327,0,-11
2108,2105,0,3
893,887,0,6
2052,2033,0,19
1135,1132,0,3
708,713,0,-5
1106,1104,0,2
1554,1534,0,20
1083,1092,0,-9
474,473,0,1
1861,1882,0,-21
780,814,0,-34
2306,2363,0,-57
3357,3393,0,-36
1223,1247,0,-24
1249,3745,0,-2496
899,892,0,7
673,692,0,-19
1156,1134,0,22
1253,1254,0,-1
1300,1313,0,-13
1617,1633,0,-16
1760,1772,0,-12
1967,1972,0,-5
847,852,0,-5
2107,2113,0,-6
428,438,0,-10
2998,2865,0,133
635,624,0,11
2354,2372,0,-18
3337,3425,0,-88
832,785,0,47
1589,1612,0,-23
1578,1572,0,6
1391,1374,0,17
824,892,0,-68
1731,1721,0,10
1093,1073,0,20
2449,2425,0,24
396,385,0,11
867,873,0,-6
2049,2052,0,-3
945,3985,0,-3040
2988,2985,0,3
1537,1513,0,24
1622,1678,0,-56
1350,1353,0,-3
2361,,,
627,625,0,2
1140,1145,0,-5
884,892,0,-8
1327,1358,0,-31
407,412,0,-5
525,505,0,20
787,784,0,3
950,944,0,6
296,292,0,4
1092,1094,0,-2
1114,953,0,161
1769,1761,0,8
853,852,0,1
801,812,0,-11
2253,2273,0,-20
802,812,0,-10
846,852,0,-6
615,633,0,-18
1732,1732,0,0
3219,3265,0,-46
1427,1412,0,15
1139,1132,0,7
896,894,0,2
1544,1561,0,-17
2876,2963,0,-87
503,494,0,9
681,681,0,0
853,847,0,6
1541,1545,0,-4
2686,2641,0,45
1432,1454,0,-22
2834,2913,0,-79
765,758,0,7
900,905,0,-5
1176,1158,0,18
2387,2353,0,34
3176,3092,0,84
1207,1212,0,-5
1413,1412,0,1
2653,2665,0,-12
1117,1134,0,-17
1130,1145,0,-15
949,944,0,5
1979,1972,0,7
1096,1087,0,9
2701,2692,0,9
877,5598,0,-4721
660,654,0,6
827,825,0,2
1022,972,0,50
2943,2932,0,11
563,574,0,-11
866,865,0,1
3555,3545,0,10
1797,1812,0,-15
1014,1007,0,7
973,972,0,1
1163,1172,0,-9
1245,1233,0,12
916,932,0,-16
990,945,0,45
805,812,0,-7
690,692,0,-2
2194,2214,0,-20
1061,1054,0,7
1907,1913,0,-6
911,1073,0,-162
1010,998,0,12
996,1007,0,-11
2495,2481,0,14
496,508,0,-12
2750,2854,0,-104
346,344,0,2
1140,1132,0,8
1283,1654,0,-371
1611,1612,0,-1
1434,1454,0,-20
1334,1334,0,0
1024,1024,0,0
2136,2161,0,-25
1958,2414,0,-456
906,881,0,25
1180,1172,0,8
1079,1065,0,14
1653,1652,0,1
583,574,0,9
628,625,0,3
2159,2153,0,6
490,,,
541,558,0,-17
1314,1321,0,-7
1422,1412,0,10
1100,1092,0,8
1787,1774,0,13
887,890,0,-3
1164,1153,0,11
1305,1305,0,0
567,572,0,-5
2561,2572,0,-11
233,238,0,-5
1039,1052,0,-13
2541,2534,0,7
832,841,0,-9
2473,3345,0,-872
1489,1481,0,8
2003,2012,0,-9
2956,2967,0,-11
1108,1104,0,4
517,513,0,4
739,732,0,7
832,825,0,7
1391,1393,0,-2
2376,2385,0,-9
1252,1252,0,0
1294,1305,0,-11
1613,1601,0,12
1016,1038,0,-22
2406,2252,0,154
1258,1268,0,-10
1274,1273,0,1
1313,1304,0,9
1165,1207,0,-42
1803,1801,0,2
1679,1673,0,6
1060,1054,0,6
673,,,
702,1932,0,-1230
637,633,0,4
703,704,0,-1
298,294,0,4
572,572,0,0
1246,1252,0,-6
650,654,0,-4
638,647,0,-9
1817,1841,0,-24
790,802,0,-12
3043,3064,0,-21
1725,1721,0,4
2162,2167,0,-5
989,974,0,15
1752,1767,0,-15
2059,1852,0,207
2888,2913,0,-25
657,4327,0,-3670
1342,1345,0,-3
1252,1254,0,-2
1161,865,0,296
865,854,0,11
377,386,0,-9
862,865,0,-3
2202,2214,0,-12
1251,1774,0,-523
684,681,0,3
2490,2441,0,49
333,5505,0,-5172
984,384,0,600
662,664,0,-2
750,767,0,-17
968,,,
692,692,0,0
2581,2574,0,7
676,633,0,43
2607,2585,0,22
2282,2254,0,28
996,993,0,3
2724,2745,0,-21
1887,1873,0,14
1426,1412,0,14
1065,1113,0,-48
781,767,0,14
382,374,0,8
2921,3025,0,-104
2101,2105,0,-4
929,927,0,2
636,647,0,-11
606,607,0,-1
297,304,0,-7
1020,1094,0,-74
630,614,0,16
1515,1882,0,-367
488,481,0,7
534,544,0,-10
667,673,0,-6
1047,1001,0,46
2913,2913,0,0
1419,1433,0,-14
897,892,0,5
1884,1905,0,-21
3446,3425,0,21
1208,1198,0,10
667,664,0,3
2335,2292,0,43
2555,2545,0,10
1048,1024,0,24
882,878,0,4
1195,1193,0,2
794,785,0,9
3597,3585,0,12
3719,3673,0,46
3486,3465,0,21
886,932,0,-46
1151,1153,0,-2
1120,1118,0,2
1011,1012,0,-1
1520,1527,0,-7
2217,2212,0,5
1688,1692,0,-4
2019,2012,0,7
1847,1852,0,-5
1260,1252,0,8
570,572,0,-2
1556,1572,0,-16
2844,2833,0,11
293,292,0,1
2234,2252,0,-18
1034,1038,0,-4
1389,1367,0,22
1153,1144,0,9
917,913,0,4
3489,3513,0,-24
1100,1052,0,48
949,945,0,4
1131,1132,0,-1
2629,2625,0,4
779,772,0,7
1272,1273,0,-1
994,985,0,9
787,1054,0,-267
1130,1134,0,-4
291,304,0,-13
863,852,0,11
837,847,0,-10
1134,1123,0,11
1379,1367,0,12
608,593,0,15
3008,3012,0,-4
1611,1593,0,18
551,553,0,-2
552,548,0,4
1487,1481,0,6
976,961,0,15
1021,985,0,36
2598,2625,0,-27
1105,1113,0,-8
1479,1454,0,25
911,953,0,-42
842,852,0,-10
364,358,0,6
1084,1145,0,-61
2908,2913,0,-5
818,841,0,-23
2335,2334,0,1
1464,1452,0,12
1138,1132,0,6
879,881,0,-2
906,918,0,-12
1368,1441,0,-73
1092,1105,0,-13
692,687,0,5
1089,1113,0,-24
2903,2825,0,78
2751,2713,0,38
521,518,0,3
1235,1233,0,2
1793,,,
1379,1385,0,-6
1570,1545,0,25
1175,,,
1013,1024,0,-11
990,953,0,37
745,744,0,1
543,544,0,-1
2263,2252,0,11
912,913,0,-1
1438,1425,0,13
966,972,0,-6
1177,1172,0,5
1403,1401,0,2
821,812,0,9
976,1065,0,-89
2539,2563,0,-24
1097,1092,0,5
794,787,0,7
783,,,
1810,1812,0,-2
1885,1881,0,4
2264,2292,0,-28
795,774,0,21
913,918,0,-5
3048,,,
684,673,0,11
1991,1985,0,6
2915,2945,0,-30
1677,1678,0,-1
338,345,0,-7
1051,1052,0,-1
807,812,0,-5
2626,2785,0,-159
902,913,0,-11
733,734,0,-1
1277,1265,0,12
1563,1625,0,-62
1322,1305,0,17
1529,1492,0,37
1563,,,
2190,2185,0,5
1329,1332,0,-3
2885,2873,0,12
3299,3374,0,-75
791,785,0,6
944,932,0,12
2127,2113,0,14
703,704,0,-1
2470,2452,0,18
1942,1934,0,8
1005,1012,0,-7
631,627,0,4
816,825,0,-9
2931,3007,0,-76
2652,2633,0,19
348,372,0,-24
1731,1665,0,66
1905,1892,0,13
3242,3241,0,1
1864,1852,0,12
1106,,,
590,,,
872,887,0,-15
940,974,0,-34
568,614,0,-46
608,593,0,15
1485,1473,0,12
1147,2372,0,-1225
1328,1327,0,1
2191,2185,0,6
1023,1001,0,22
2185,2167,0,18
2430,2454,0,-24
925,932,0,-7
521,532,0,-11
557,558,0,-1
1768,1767,0,1
903,921,0,-18
541,534,0,7
293,353,0,-60
1381,1372,0,9
421,414,0,7
1161,1145,0,16
1419,1433,0,-14
1141,1134,0,7
987,993,0,-6
763,758,0,5
1382,1372,0,10
2718,2705,0,13
492,513,0,-21
2057,2065,0,-8
1196,1198,0,-2
2298,2313,0,-15
939,932,0,7
3835,3785,0,50
1268,1264,0,4
2406,2407,0,-1
3731,3763,0,-32
782,784,0,-2
1198,1193,0,5
2195,2201,0,-6
536,532,0,4
3226,3185,0,41
1727,1481,0,246
936,921,0,15
612,612,0,0
905,932,0,-27
1051,1052,0,-1
767,772,0,-5
595,612,0,-17
1605,1585,0,20
996,1001,0,-5
815,814,0,1
932,932,0,0
845,838,0,7
998,998,0,0
732,774,0,-42
1124,1132,0,-8
2226,2254,0,-28
2139,2132,0,7
1363,1367,0,-4
2605,2612,0,-7
779,767,0,12
449,447,0,2
1384,1372,0,12
1774,1758,0,16
961,972,0,-11
1286,1292,0,-6
1021,1024,0,-3
1067,1033,0,34
683,692,0,-9
1876,1841,0,35
1384,1398,0,-14
1283,1292,0,-9
4039,4025,0,14
813,812,0,1
547,548,0,-1
2001,2012,0,-11
1344,2534,0,-1190
942,972,0,-30
1882,1892,0,-10
1256,1252,0,4
1086,1092,0,-6
1950,1945,0,5
1971,1985,0,-14
1425,1425,0,0
2637,2601,0,36
1291,1305,0,-14
1171,1184,0,-13
367,372,0,-5
940,944,0,-4
245,241,0,4
1186,1212,0,-26
702,713,0,-11
2257,2252,0,5
630,628,0,2
808,802,0,6
1626,1625,0,1
1046,1052,0,-6
877,852,0,25
2243,2214,0,29
1155,1144,0,11
2084,2073,0,11
984,972,0,12
1119,3638,0,-2519
2288,2265,0,23
1236,1225,0,11
490,492,0,-2
2472,2532,0,-60
2429,2433,0,-4
3560,3505,0,55
1745,1713,0,32
287,,,
2058,2052,0,6
1261,1252,0,9
1445,1441,0,4
2368,2367,0,1
900,894,0,6
864,864,0,0
1188,1174,0,14
1391,974,0,417
449,452,0,-3
2848,2854,0,-6
679,681,0,-2
1685,1687,0,-2
3364,3647,0,-283
1196,1198,0,-2
1152,322,0,830
1401,4374,0,-2973
1069,985,0,84
1040,1054,0,-14
920,918,0,2
1042,1038,0,4
501,494,0,7
1124,1113,0,11
802,801,0,1
2087,2065,0,22
1087,1092,0,-5
722,713,0,9
1168,1172,0,-4
1912,1918,0,-6
353,347,0,6
922,918,0,4
3122,3052,0,70
1990,1974,0,16
880,614,0,266
2361,2353,0,8
2073,2041,0,32
1137,892,0,245
1119,4428,0,-3309
658,678,0,-20
3185,3265,0,-80
1601,1598,0,3
898,1193,0,-295
852,841,0,11
2997,2825,0,172
2127,2113,0,14
1003,998,0,5
837,3184,0,-2347
1128,967,0,161
1345,1345,0,0
1455,1452,0,3
943,953,0,-10
811,812,0,-1
1136,1134,0,2
1383,1374,0,9
1535,1625,0,-90
968,961,0,7
1038,1033,0,5
589,584,0,5
1929,2068,0,-139
2404,2334,0,70
1194,1172,0,22
570,993,0,-423
1673,1692,0,-19
1497,1505,0,-8
2663,2654,0,9
685,687,0,-2
1907,1905,0,2
1056,1047,0,9
814,812,0,2
583,414,0,169
686,682,0,4
1400,1412,0,-12
985,972,0,13
1980,1985,0,-5
556,558,0,-2
764,753,0,11
3856,3854,0,2
1467,1465,0,2
411,414,0,-3
1095,1073,0,22
1099,1092,0,7
1068,1064,0,4
728,718,0,10
2043,2065,0,-22
788,793,0,-5
562,534,0,28
2644,2641,0,3
2321,2273,0,48
824,785,0,39
1818,1833,0,-15
1160,1534,0,-374
1017,1054,0,-37
769,784,0,-15
1341,1334,0,7
1483,1414,0,69
1704,1692,0,12
1398,1374,0,24
1191,1174,0,17
4029,3985,0,44
1510,1492,0,18
1422,1433,0,-11
1535,1532,0,3
1894,1892,0,2
937,864,0,73
1414,1412,0,2
1182,1193,0,-11
717,718,0,-1
1129,1127,0,2
1391,2625,0,-1234
2323,2345,0,-22
640,612,0,28
2175,2172,0,3
518,532,0,-14
727,727,0,0
2102,2065,0,37
437,441,0,-4
1165,2073,0,-908
2208,2247,0,-39
806,807,0,-1
1479,1465,0,14
2241,2252,0,-11
1570,1572,0,-2
1091,1145,0,-54
626,5892,0,-5266
2705,2694,0,11
2789,2763,0,26
2080,2113,0,-33
1036,1038,0,-2
2464,2465,0,-1
430,454,0,-24
3053,2905,0,148
503,504,0,-1
1028,1024,0,4
2087,2065,0,22
1559,1534,0,25
2108,2073,0,35
2257,2233,0,24
1237,1174,0,63
1164,1158,0,6
1187,1153,0,34
1156,1185,0,-29
2077,1993,0,84
3301,3134,0,167
762,748,0,14
541,614,0,-73
1282,1287,0,-5
2175,2185,0,-10
610,585,0,25
1125,1121,0,4
204,198,0,6
979,967,0,12
687,732,0,-45
2517,2532,0,-15
1421,1412,0,9
1742,1753,0,-11
609,612,0,-3
904,905,0,-1
1493,1521,0,-28
888,894,0,-6
2487,2465,0,22
1004,998,0,6
1359,1345,0,14
1064,1052,0,12
1672,1692,0,-20
1028,1024,0,4
3006,3025,0,-19
1095,1105,0,-10
2002,1993,0,9
1193,1214,0,-21
1669,,,
2245,2273,0,-28
1146,1172,0,-26
3207,3225,0,-18
1819,2313,0,-494
546,547,0,-1
789,665,0,124
1249,1233,0,16
865,878,0,-13
2007,2007,0,0
1308,1345,0,-37
901,892,0,9
1248,1247,0,1
914,932,0,-18
2229,2185,0,44
673,473,0,200
844,847,0,-3
783,753,0,30
462,2585,0,-2123
757,745,0,12
2400,2403,0,-3
728,732,0,-4
845,838,0,7
2340,2372,0,-32
946,958,0,-12
2628,2614,0,14
1480,1487,0,-7
525,532,0,-7
1544,1545,0,-1
1871,1865,0,6
2382,2374,0,8
1333,1321,0,12
2381,2393,0,-12
1020,1081,0,-61
829,833,0,-4
511,521,0,-10
2208,2174,0,34
372,372,0,0
990,1001,0,-11
1233,1252,0,-19
1406,1401,0,5
445,438,0,7
1076,1054,0,22
2889,2774,0,115
1293,1287,0,6
2957,2953,0,4
328,332,0,-4
1431,1425,0,6
839,838,0,1
2577,2561,0,16
821,812,0,9
1131,1121,0,10
1096,1105,0,-9
1438,1433,0,5
3243,3278,0,-35
2356,2363,0,-7
1788,1793,0,-5
872,864,0,8
2225,2225,0,0
2445,2401,0,44
1283,1292,0,-9
2202,4313,0,-2111
2259,,,
1009,1008,0,1
862,865,0,-3
1473,1473,0,0
1219,1201,0,18
1096,1104,0,-8
3031,3052,0,-21
972,993,0,-21
706,704,0,2
1403,1398,0,5
1927,1934,0,-7
1034,1038,0,-4
1940,3772,0,-1832
2008,2014,0,-6
1807,1785,0,22
2563,2602,0,-39
1892,1892,0,0
1712,1713,0,-1
463,464,0,-1
763,763,0,0
1057,1065,0,-8
380,372,0,8
816,887,0,-71
803,812,0,-9
1920,1921,0,-1
2484,2492,0,-8
603,607,0,-4
1431,1425,0,6
2387,2398,0,-11
1291,1225,0,66
1219,1212,0,7
2777,2812,0,-35
3066,2985,0,81
2115,2121,0,-6
943,972,0,-29
1312,1321,0,-9
2761,2785,0,-24
2064,2113,0,-49
1254,1252,0,2
1334,1361,0,-27
3175,3225,0,-50
1108,1105,0,3
2110,2025,0,85
1292,1294,0,-2
896,904,0,-8
1096,1092,0,4
1384,1385,0,-1
1198,1212,0,-14
1539,1553,0,-14
1998,2041,0,-43
792,807,0,-15
1428,1412,0,16
1057,1065,0,-8
1461,1473,0,-12
866,864,0,2
2320,2332,0,-12
480,414,0,66
1251,1252,0,-1
612,612,0,0
928,927,0,1
524,521,0,3
1844,1825,0,19
2909,3001,0,-92
907,892,0,15
264,264,0,0
1343,1327,0,16
1538,1513,0,25
1872,1864,0,8
1406,1412,0,-6
2444,2452,0,-8
2290,2292,0,-2
455,452,0,3
1156,1134,0,22
1241,1241,0,0
2315,2321,0,-6
1256,1252,0,4
2541,2545,0,-4
1668,1833,0,-165
1205,1198,0,7
1884,1913,0,-29
2456,2465,0,-9
1694,,,
2579,2585,0,-6
4116,4113,0,3
3198,3225,0,-27
616,624,0,-8
1211,1113,0,98
786,772,0,14
869,873,0,-4
2296,2292,0,4
1060,1054,0,6
1725,1713,0,12
1153,1153,0,0
708,694,0,14
925,927,0,-2
1607,1598,0,9
1461,1473,0,-12
2334,2332,0,2
666,654,0,12
2563,2572,0,-9
390,281,0,109
1628,1641,0,-13
2931,2932,0,-1
664,665,0,-1
1150,1145,0,5
403,412,0,-9
1224,1212,0,12
450,452,0,-2
645,865,0,-220
2041,2025,0,16
1413,1401,0,12
711,707,0,4
731,732,0,-1
1380,1385,0,-5
921,918,0,3
923,932,0,-9
724,721,0,3
1120,1121,0,-1
281,294,0,-13
390,393,0,-3
740,753,0,-13
1190,1185,0,5
1946,1905,0,41
1485,1478,0,7
2300,2292,0,8
2236,2305,0,-69
1569,1572,0,-3
3303,3281,0,22
1610,1612,0,-2
1256,1065,0,191
868,961,0,-93
1426,1492,0,-66
3420,3403,0,17
308,304,0,4
1825,1801,0,24
1084,1078,0,6
1062,1073,0,-11
693,681,0,12
916,921,0,-5
766,772,0,-6
946,944,0,2
3028,3014,0,14
3061,3041,0,20
2201,2212,0,-11
1405,1401,0,4
842,745,0,97
225,224,0,1
2130,2121,0,9
1429,1425,0,4
1638,1705,0,-67
259,254,0,5
1301,1292,0,9
521,534,0,-13
1424,1425,0,-1
2614,2612,0,2
921,985,0,-64
629,624,0,5
628,624,0,4
681,681,0,0
873,865,0,8
1584,1572,0,12
2154,,,
742,793,0,-51
854,852,0,2
1048,1052,0,-4
1233,1233,0,0
679,681,0,-2
1271,2692,0,-1421
489,473,0,16
982,974,0,8
1089,1145,0,-56
737,727,0,10
2146,2132,0,14
2604,2545,0,59
2223,2212,0,11
365,361,0,4
584,574,0,10
2419,2393,0,26
1268,1273,0,-5
971,961,0,10
1269,1287,0,-18
1718,1705,0,13
1481,1513,0,-32
673,665,0,8
1666,1692,0,-26
1663,1694,0,-31
848,847,0,1
1092,1113,0,-21
962,962,0,0
1408,1398,0,10
847,852,0,-5
398,412,0,-14
194,201,0,-7
605,505,0,100
1704,1705,0,-1
877,864,0,13
805,801,0,4
1795,1812,0,-17
2203,2172,0,31
978,993,0,-15
1861,1841,0,20
2040,2025,0,15
2532,2574,0,-42
2438,2452,0,-14
593,593,0,0
3663,3814,0,-151
2251,2313,0,-62
1783,1767,0,16
399,401,0,-2
1141,1132,0,9
1436,1425,0,11
1647,1633,0,14
978,984,0,-6
2055,2065,0,-10
1089,1092,0,-3
1313,1318,0,-5
1691,2233,0,-542
1505,1492,0,13
889,745,0,144
1107,1105,0,2
1023,1012,0,11
608,593,0,15
1665,1652,0,13
712,721,0,-9
3187,3193,0,-6
1512,1505,0,7
3443,3443,0,0
1045,1047,0,-2
1576,1372,0,204
1822,1572,0,250
2621,2572,0,49
1213,1198,0,15
1997,2001,0,-4
505,374,0,131
1183,1172,0,11
1436,1473,0,-37
2176,2385,0,-209
1333,1332,0,1
423,424,0,-1
578,572,0,6
1085,1087,0,-2
1866,1852,0,14
1015,1054,0,-39
2105,2134,0,-29
1529,1532,0,-3
1095,1081,0,14
582,572,0,10
1286,1305,0,-19
2496,2385,0,111
1974,1972,0,2
585,567,0,18
2908,2945,0,-37
1424,1414,0,10
1273,1273,0,0
777,772,0,5
1138,1134,0,4
2599,2887,0,-288
1005,927,0,78
2827,2905,0,-78
1954,1934,0,20
1095,1094,0,1
1164,1167,0,-3
1728,1727,0,1
890,887,0,3
758,753,0,5
460,452,0,8
2711,2711,0,0
390,401,0,-11
1568,1545,0,23
1000,993,0,7
776,774,0,2
999,1012,0,-13
1833,1825,0,8
843,842,0,1
1158,1167,0,-9
3568,3585,0,-17
1405,1252,0,153
1204,1713,0,-509
1141,1065,0,76
1115,1118,0,-3
1841,4610,0,-2769
1147,1113,0,34
517,518,0,-1
1046,1052,0,-6
862,852,0,10
222,214,0,8
790,772,0,18
215,224,0,-9
593,598,0,-5
2589,2614,0,-25
1791,1793,0,-2
2373,2367,0,6
1086,1078,0,8
999,1001,0,-2
1644,1625,0,19
1007,1233,0,-226
1081,1082,0,-1
583,545,0,38
837,847,0,-10
982,945,0,37
377,372,0,5
989,985,0,4
758,745,0,13
656,652,0,4
1132,1132,0,0
536,532,0,4
1628,1665,0,-37
1153,1144,0,9
643,607,0,36
2839,2865,0,-26
1114,1127,0,-13
772,774,0,-2
936,944,0,-8
2407,2385,0,22
2325,2353,0,-28
2953,2974,0,-21
823,760,0,63
460,454,0,6
771,767,0,4
2804,,,
995,993,0,2
914,894,0,20
2063,2052,0,11
1322,1327,0,-5
1375,1425,0,-50
960,963,0,-3
1081,1064,0,17
618,193,0,425
1167,1167,0,0
996,985,0,11
2832,2825,0,7
1658,1652,0,6
827,833,0,-6
1830,1833,0,-3
1628,1652,0,-24
1727,1732,0,-5
223,214,0,9
2391,2385,0,6
1010,1014,0,-4
1394,1401,0,-7
698,705,0,-7
530,558,0,-28
2013,2012,0,1
698,694,0,4
1395,1385,0,10
1034,1081,0,-47
1754,1734,0,20
2213,2201,0,12
3242,3172,0,70
2264,2252,0,12
1077,1025,0,52
2115,2105,0,10
1207,1212,0,-5
1627,1633,0,-6
1034,1038,0,-4
949,953,0,-4
3282,3353,0,-71
976,972,0,4
1184,1185,0,-1
1783,1784,0,-1
679,681,0,-2
932,921,0,11
707,704,0,3
2262,2252,0,10
1669,1633,0,36
477,478,0,-1
424,385,0,39
1401,1425,0,-24
392,398,0,-6
1112,1113,0,-1
1095,1092,0,3
1097,1054,0,43
701,694,0,7
1383,1433,0,-50
689,692,0,-3
2762,,,
3595,3572,0,23
946,932,0,14
1537,1532,0,5
3112,3145,0,-33
516,518,0,-2
428,427,0,1
1786,1801,0,-15
882,873,0,9
564,572,0,-8
912,907,0,5
700,704,0,-4
2230,2252,0,-22
1827,1825,0,2
2488,2481,0,7
1107,1092,0,15
832,833,0,-1
1805,1812,0,-7
818,812,0,6
661,774,0,-113
1192,1193,0,-1
410,393,0,17
772,774,0,-2
1413,1412,0,1
1250,1247,0,3
1082,1105,0,-23
2046,2148,0,-102
408,393,0,15
501,492,0,9
647,641,0,6
2249,2254,0,-5
1254,1247,0,7
1227,1185,0,42
2290,2332,0,-42
696,692,0,4
2221,2212,0,9
1892,1894,0,-2
618,593,0,25
2501,2545,0,-44
3724,4113,0,-389
362,353,0,9
582,572,0,10
981,972,0,9
539,522,0,17
460,534,0,-74
995,972,0,23
1695,1692,0,3
2280,2225,0,55
2128,2081,0,47
607,612,0,-5
428,424,0,4
1003,1024,0,-21
1123,1118,0,5
818,812,0,6
1644,1652,0,-8
2497,2545,0,-48
721,705,0,16
612,612,0,0
1218,1134,0,84
457,464,0,-7
1025,1073,0,-48
1025,1041,0,-16
785,793,0,-8
1804,1761,0,43
1908,1927,0,-19
741,732,0,9
1861,1873,0,-12
1412,1385,0,27
1255,1265,0,-10
1703,1705,0,-2
1792,1705,0,87
1168,1172,0,-4
948,945,0,3
1081,1073,0,8
1795,1814,0,-19
461,464,0,-3
976,974,0,2
715,705,0,10
1281,1273,0,8
872,864,0,8
991,974,0,17
1144,1144,0,0
312,313,0,-1
1305,1292,0,13
924,1985,0,-1061
1071,842,0,229
2227,2198,0,29
2281,2273,0,8
314,334,0,-20
2896,2785,0,111
812,812,0,0
1760,1761,0,-1
2268,2265,0,3
1980,1974,0,6
2033,2268,0,-235
270,292,0,-22
2662,2574,0,88
1696,1681,0,15
819,847,0,-28
822,824,0,-2
2293,2321,0,-28
2005,2073,0,-68
1157,,,
1272,1233,0,39
1015,1012,0,3
796,793,0,3
1452,1407,0,45
506,504,0,2
906,892,0,14
741,5522,0,-4781
1219,1225,0,-6
2864,2865,0,-1
735,734,0,1
847,852,0,-5
1040,1038,0,2
1345,1345,0,0
453,465,0,-12
784,784,0,0
612,612,0,0
386,385,0,1
1268,1252,0,16
943,932,0,11
3685,3838,0,-153
1810,1801,0,9
927,944,0,-17
2626,2545,0,81
728,727,0,1
1244,1252,0,-8
459,452,0,7
1663,1665,0,-2
3133,3145,0,-12
976,873,0,103
809,812,0,-3
715,718,0,-3
601,612,0,-11
3385,3292,0,93
1693,1905,0,-212
706,553,0,153
1090,1092,0,-2
481,481,0,0
1428,1372,0,56
1446,1433,0,13
1800,1793,0,7
854,825,0,29
3076,3198,0,-122
877,867,0,10
3514,3545,0,-31
1227,,,
1925,1913,0,12
1132,1132,0,0
554,534,0,20
2243,2225,0,18
1716,1705,0,11
1634,1625,0,9
2065,2065,0,0
897,892,0,5
824,812,0,12
2306,2385,0,-79
581,593,0,-12
2571,2574,0,-3
817,814,0,3
1945,1934,0,11
295,292,0,3
995,993,0,2
974,972,0,2
1192,1185,0,7
3424,3553,0,-129
1211,1212,0,-1
1005,993,0,12
3157,3212,0,-55
331,344,0,-13
921,927,0,-6
1004,998,0,6
2281,2225,0,56
467,467,0,0
2663,2633,0,30
1784,1785,0,-1
281,273,0,8
1144,1132,0,12
1052,1092,0,-40
2017,1972,0,45
2569,2561,0,8
2769,2753,0,16
585,584,0,1
1029,1033,0,-4
922,913,0,9
2041,2065,0,-24
1233,1233,0,0
2235,2201,0,34
2372,2361,0,11
873,921,0,-48
281,273,0,8
285,281,0,4
2452,2441,0,11
2639,2625,0,14
1225,1247,0,-22
312,318,0,-6
2063,2065,0,-2
1103,1104,0,-1
425,433,0,-8
2195,2132,0,63
638,641,0,-3
1238,3401,0,-2163
687,732,0,-45
1528,1505,0,23
789,772,0,17
1415,1452,0,-37
942,932,0,10
1315,1305,0,10
1595,1612,0,-17
601,593,0,8
559,572,0,-13
620,624,0,-4
1741,1744,0,-3
1386,1407,0,-21
419,427,0,-8
1876,1854,0,22
661,788,0,-127
797,838,0,-41
2617,2665,0,-48
1598,1574,0,24
896,905,0,-9
741,732,0,9
642,641,0,1
671,673,0,-2
1912,1892,0,20
842,873,0,-31
2337,2332,0,5
1912,1894,0,18
713,664,0,49
3215,3185,0,30
1458,1505,0,-47
870,913,0,-43
1047,1025,0,22
641,647,0,-6
2176,2201,0,-25
2465,2473,0,-8
788,785,0,3
527,534,0,-7
1630,1633,0,-3
562,558,0,4
739,744,0,-5
3551,3534,0,17
640,633,0,7
1417,1414,0,3
2223,2065,0,158
1705,,,
1379,1372,0,7
838,833,0,5
880,878,0,2
1870,1753,0,117
639,652,0,-13
2434,2433,0,1
602,593,0,9
1855,1852,0,3
664,687,0,-23
665,652,0,13
1082,1065,0,17
881,878,0,3
1057,1025,0,32
1310,1305,0,5
1116,1118,0,-2
3519,3513,0,6
768,761,0,7
1574,1574,0,0
1310,1313,0,-3
1704,1988,0,-284
1055,1038,0,17
654,652,0,2
743,745,0,-2
2038,2052,0,-14
1127,1127,0,0
1033,1025,0,8
1120,1094,0,26
1211,1193,0,18
1236,1214,0,22
1232,1225,0,7
965,967,0,-2
1968,1985,0,-17
1778,1753,0,25
1027,1024,0,3
1723,1713,0,10
774,767,0,7
1536,1527,0,9
3116,3105,0,11
876,892,0,-16
1116,732,0,384
1070,1054,0,16
1074,1052,0,22
1544,,,
1172,1172,0,0
731,833,0,-102
1935,1918,0,17
1233,1225,0,8
1715,1732,0,-17
1470,1465,0,5
508,504,0,4
756,2081,0,-1325
1218,1233,0,-15
1781,1785,0,-4
658,654,0,4
908,913,0,-5
1549,1553,0,-4
1544,1532,0,12
1291,1273,0,18
842,841,0,1
941,932,0,9
1450,1452,0,-2
2973,2974,0,-1
950,932,0,18
916,932,0,-16
1213,1212,0,1
1197,1193,0,4
673,665,0,8
1906,1905,0,1
2202,2145,0,57
1407,1361,0,46
1066,1064,0,2
1716,1673,0,43
2601,2601,0,0
1084,1092,0,-8
591,587,0,4
651,641,0,10
1844,1838,0,6
3077,3153,0,-76
1075,1081,0,-6
3330,3265,0,65
559,572,0,-13
1850,1833,0,17
445,441,0,4
1212,1212,0,0
3073,2985,0,88
509,574,0,-65
816,812,0,4
769,852,0,-83
1321,1345,0,-24
1102,1118,0,-16
1347,1414,0,-67
2584,2585,0,-1
2736,2745,0,-9
902,934,0,-32
2947,2825,0,122
1613,,,
534,345,0,189
2629,,,
689,692,0,-3
1985,1972,0,13
2880,2873,0,7
2267,2292,0,-25
601,534,0,67
1416,1425,0,-9
1949,1953,0,-4
1158,1161,0,-3
3364,3372,0,-8
475,478,0,-3
1011,1001,0,10
1073,1092,0,-19
2792,2825,0,-33
1146,1145,0,1
998,1002,0,-4
412,465,0,-53
825,814,0,11
795,798,0,-3
665,633,0,32
3810,3785,0,25
2208,2212,0,-4
1320,1318,0,2
1115,1113,0,2
630,625,0,5
668,654,0,14
2560,2534,0,26
944,932,0,12
562,572,0,-10
1111,1054,0,57
1722,1585,0,137
1617,1612,0,5
1473,1481,0,-8
2787,2774,0,13
771,772,0,-1
932,945,0,-13
1814,1801,0,13
984,972,0,12
2412,2393,0,19
1149,1185,0,-36
838,833,0,5
1662,1665,0,-3
374,385,0,-11
218,214,0,4
1293,1588,0,-295
1108,1104,0,4
1137,1094,0,43
1201,1233,0,-32
1067,1064,0,3
1456,1193,0,263
439,433,0,6
857,852,0,5
1667,1665,0,2
2114,2073,0,41
1139,1132,0,7
2673,2654,0,19
3053,3081,0,-28
1290,1292,0,-2
1356,1353,0,3
823,827,0,-4
1892,1892,0,0
2470,2494,0,-24
1882,2353,0,-471
2221,2185,0,36
2029,2025,0,4
2489,2513,0,-24
2640,2612,0,28
958,961,0,-3
1146,1132,0,14
922,932,0,-10
874,852,0,22
1520,1532,0,-12
1647,1633,0,14
644,654,0,-10
1416,1292,0,124
738,758,0,-20
685,682,0,3
1057,1047,0,10
1326,1358,0,-32
721,687,0,34
529,518,0,11
1126,1132,0,-6
1786,1785,0,1
1141,1505,0,-364
508,508,0,0
2112,2041,0,71
461,452,0,9
2007,2014,0,-7
347,334,0,13
2869,2865,0,4
909,904,0,5
1250,1305,0,-55
762,772,0,-10
2130,2132,0,-2
2239,2233,0,6
1330,1318,0,12
1658,1673,0,-15
3191,3145,0,46
493,504,0,-11
2594,2572,0,22
795,798,0,-3
1277,1278,0,-1
1880,1873,0,7
992,985,0,7
3723,3745,0,-22
1692,1692,0,0
782,784,0,-2
1555,1545,0,10
1051,1092,0,-41
805,807,0,-2
650,641,0,9
556,544,0,12
1247,1153,0,94
1739,1732,0,7
1698,1694,0,4
595,584,0,11
854,852,0,2
571,558,0,13
1380,1385,0,-5
4148,4132,0,16
492,492,0,0
761,772,0,-11
852,873,0,-21
1369,1372,0,-3
806,793,0,13
866,864,0,2
1294,1273,0,21
921,921,0,0
1286,1278,0,8
2460,2441,0,19
1694,1694,0,0
397,398,0,-1
1226,1225,0,1
939,932,0,7
1023,1012,0,11
2559,2593,0,-34
1735,4974,0,-3239
1811,1812,0,-1
357,372,0,-15
1781,1798,0,-17
1526,1521,0,5
1476,1473,0,3
733,734,0,-1
2034,2082,0,-48
916,905,0,11
700,694,0,6
1083,1092,0,-9
1225,1228,0,-3
1632,1673,0,-41
1092,1092,0,0
2424,2425,0,-1
857,852,0,5
2082,2081,0,1
989,998,0,-9
1517,1513,0,4
1793,1767,0,26
693,692,0,1
1001,985,0,16
803,4292,0,-3489
1161,1174,0,-13
424,433,0,-9
497,465,0,32
658,673,0,-15
1986,1985,0,1
2429,2313,0,116
908,1985,0,-1077
1343,1345,0,-2
788,772,0,16
1346,1353,0,-7
1667,,,
1427,1414,0,13
1615,1612,0,3
1850,1852,0,-2
939,953,0,-14
877,852,0,25
1232,1214,0,18
1276,1273,0,3
1686,1678,0,8
3518,3398,0,120
1393,1254,0,139
1088,1087,0,1
2498,2492,0,6
1007,1012,0,-5
785,,,
1398,1393,0,5
960,985,0,-25
901,905,0,-4
2861,2852,0,9
751,745,0,6
1064,1054,0,10
1118,1113,0,5
879,878,0,1
1080,1073,0,7
3034,3033,0,1
2779,2774,0,5
1929,1934,0,-5
627,614,0,13
408,402,0,6
1154,1161,0,-7
311,321,0,-10
651,665,0,-14
2106,2113,0,-7
2047,2033,0,14
872,873,0,-1
1151,1145,0,6
1423,1412,0,11
1063,993,0,70
1992,1985,0,7
1103,1105,0,-2
1550,1572,0,-22
1126,5433,0,-4307
2264,2265,0,-1
811,807,0,4
1476,1454,0,22
1231,1345,0,-114
387,374,0,13
1483,1454,0,29
1871,1892,0,-21
1788,1798,0,-10
820,705,0,115
1693,1647,0,46
1938,1945,0,-7
762,745,0,17
2263,2292,0,-29
1153,1134,0,19
495,492,0,3
1498,1492,0,6
1565,1585,0,-20
2746,2734,0,12
3185,3174,0,11
735,732,0,3
526,532,0,-6
1887,1905,0,-18
1345,1414,0,-69
641,638,0,3
856,838,0,18
487,492,0,-5
1728,1721,0,7
1253,1241,0,12
2673,2652,0,21
1354,1374,0,-20
1142,1153,0,-11
911,905,0,6
1218,1212,0,6
1447,1438,0,9
2292,2287,0,5
1983,1985,0,-2
3167,3161,0,6
536,521,0,15
1517,1625,0,-108
827,825,0,2
1818,1838,0,-20
1939,1932,0,7
3043,3121,0,-78
1596,,,
1548,1553,0,-5
2278,2265,0,13
3319,3203,0,116
2259,2292,0,-33
2915,2945,0,-30
829,814,0,15
663,673,0,-10
1117,1118,0,-1
763,745,0,18
436,414,0,22
2565,2513,0,52
545,534,0,11
1206,1212,0,-6
818,838,0,-20
568,574,0,-6
701,681,0,20
1783,1801,0,-18
1027,1024,0,3
1168,1172,0,-4
927,932,0,-5
1541,1532,0,9
388,393,0,-5
1112,2304,0,-1192
1346,1348,0,-2
1400,1372,0,28
1069,4294,0,-3225
987,1001,0,-14
2275,2225,0,50
384,372,0,12
1393,1385,0,8
1399,1393,0,6
1059,1052,0,7
3041,3047,0,-6
761,753,0,8
1205,972,0,233
946,945,0,1
2719,2713,0,6
775,772,0,3
514,504,0,10
2212,2207,0,5
2035,2033,0,2
456,481,0,-25
412,412,0,0
1224,1207,0,17
1403,1412,0,-9
1569,1572,0,-3
3454,3433,0,21
707,721,0,-14
2973,2985,0,-12
1082,1092,0,-10
778,,,
1703,1713,0,-10
1332,1345,0,-13
2564,,,
1012,974,0,38
1063,1054,0,9
1031,1025,0,6
359,367,0,-8
710,692,0,18
1394,1384,0,10
2142,2145,0,-3
1465,1454,0,11
817,812,0,5
523,504,0,19
2652,2665,0,-13
2813,3001,0,-188
1349,1353,0,-4
388,374,0,14
902,892,0,10
1219,1214,0,5
1978,2001,0,-23
2265,2292,0,-27
1333,1332,0,1
926,921,0,5
2473,2441,0,32
1431,1425,0,6
1243,1252,0,-9
1519,1494,0,25
1026,1038,0,-12
801,798,0,3
524,521,0,3
742,758,0,-16
875,881,0,-6
869,873,0,-4
1156,1161,0,-5
1870,1852,0,18
480,454,0,26
2536,2174,0,362
1276,1287,0,-11
2884,2865,0,19
1249,1247,0,2
1848,1847,0,1
503,492,0,11
957,961,0,-4
1884,1878,0,6
743,753,0,-10
2927,2918,0,9
1808,1812,0,-4
2040,2038,0,2
865,864,0,1
2719,2745,0,-26
772,772,0,0
931,985,0,-54
557,625,0,-68
883,865,0,18
2148,2145,0,3
1354,1367,0,-13
1794,1761,0,33
1155,1172,0,-17
1002,1001,0,1
2905,2905,0,0
898,900,0,-2
1201,1294,0,-93
819,2393,0,-1574
2898,2974,0,-76
1617,1601,0,16
1473,1465,0,8
1002,985,0,17
1012,1012,0,0
623,624,0,-1
1539,1574,0,-35
1373,1372,0,1
1664,1654,0,10
3153,3153,0,0
1092,1078,0,14
1524,1505,0,19
1330,1305,0,25
2025,2012,0,13
1051,1014,0,37
1174,1167,0,7
1589,1523,0,66
1674,1652,0,22
821,814,0,7
1802,1798,0,4
576,585,0,-9
2353,2372,0,-19
742,732,0,10
1472,1481,0,-9
1032,1024,0,8
1297,1313,0,-16
1556,1553,0,3
2930,2894,0,36
2338,2361,0,-23
199,201,0,-2
1356,1433,0,-77
1153,1134,0,19
882,887,0,-5
1234,1225,0,9
653,641,0,12
2749,2801,0,-52
2367,2332,0,35
423,414,0,9
560,598,0,-38
734,744,0,-10
509,521,0,-12
604,612,0,-8
1424,1425,0,-1
750,744,0,6
1950,1945,0,5
1956,1972,0,-16
3115,3241,0,-126
2159,2158,0,1
1480,1492,0,-12
828,833,0,-5
1805,1833,0,-28
696,692,0,4
596,593,0,3
822,824,0,-2
2654,2607,0,47
1515,1505,0,10
634,681,0,-47
948,961,0,-13
2889,2894,0,-5
2957,2945,0,12
954,945,0,9
1182,1174,0,8
2464,2452,0,12
1190,1174,0,16
1077,1092,0,-15
1200,1172,0,28
1244,1247,0,-3
1486,1465,0,21
1354,1353,0,1
637,1953,0,-1316
582,574,0,8
609,612,0,-3
959,958,0,1
1568,1561,0,7
1513,1505,0,8
2442,2465,0,-23
1083,1087,0,-4
1039,1054,0,-15
1340,1334,0,6
1061,1094,0,-33
521,522,0,-1
1451,1345,0,106
2437,2412,0,25
1241,1247,0,-6
922,905,0,17
760,753,0,7
2083,2087,0,-4
966,1038,0,-72
1003,998,0,5
664,334,0,330
2897,2892,0,5
694,692,0,2
1499,1494,0,5
627,641,0,-14
1475,1465,0,10
1176,1172,0,4
2105,2118,0,-13
1308,1305,0,3
1210,1225,0,-15
1785,1793,0,-8
369,374,0,-5
1084,1073,0,11
1405,1401,0,4
560,553,0,7
1401,1385,0,16
2456,2452,0,4
1997,2113,0,-116
668,678,0,-10
970,972,0,-2
1197,1198,0,-1
1078,1092,0,-14
333,334,0,-1
1387,1393,0,-6
1283,1252,0,31
391,398,0,-7
1334,1332,0,2
1260,1254,0,6
1175,1174,0,1
966,961,0,5
1873,1873,0,0
738,734,0,4
979,984,0,-5
2135,2214,0,-79
2231,2225,0,6
1179,1574,0,-395
428,,,
1354,1372,0,-18
1945,1945,0,0
1812,1785,0,27
1394,5073,0,-3679
1594,1585,0,9
850,847,0,3
1262,3412,0,-2150
832,825,0,7
1666,1641,0,25
842,841,0,1
571,572,0,-1
1499,1473,0,26
1631,1625,0,6
962,967,0,-5
1645,1665,0,-20
1343,1345,0,-2
2403,2372,0,31
1733,1814,0,-81
2389,2105,0,284
470,473,0,-3
1632,1625,0,7
2121,2113,0,8
2322,2321,0,1
2470,2492,0,-22
3002,2993,0,9
566,265,0,301
685,681,0,4
1011,1012,0,-1
959,958,0,1
2538,2513,0,25
632,624,0,8
1138,1127,0,11
928,927,0,1
2841,2841,0,0
768,734,0,34
691,673,0,18
1008,1012,0,-4
1357,1372,0,-15
1378,1374,0,4
671,745,0,-74
725,727,0,-2
1489,1465,0,24
2629,2625,0,4
1475,1465,0,10
700,718,0,-18
1786,1825,0,-39
1123,1052,0,71
1035,1001,0,34
879,873,0,6
2470,2412,0,58
1130,1132,0,-2
1355,1372,0,-17
1158,1158,0,0
2708,2732,0,-24
759,758,0,1
304,,,
2510,2505,0,5
1653,1614,0,39
329,321,0,8
1082,1087,0,-5
2277,2265,0,12
420,424,0,-4
1613,1638,0,-25
717,705,0,12
676,641,0,35
2412,2393,0,19
499,3385,0,-2886
1727,1705,0,22
668,732,0,-64
859,854,0,5
2221,2212,0,9
765,767,0,-2
1457,2054,0,-597
1437,1414,0,23
1743,1734,0,9
623,612,0,11
3606,3852,0,-246
1411,1588,0,-177
4017,3974,0,43
1234,1247,0,-13
2902,2881,0,21
2154,2153,0,1
1132,1118,0,14
2354,2401,0,-47
1198,1207,0,-9
550,561,0,-11
1342,1273,0,69
715,921,0,-206
1564,1572,0,-8
2503,2505,0,-2
1230,1273,0,-43
921,913,0,8
922,927,0,-5
1024,5174,0,-4150
1050,1047,0,3
1167,1172,0,-5
1589,1574,0,15
760,774,0,-14
874,881,0,-7
934,953,0,-19
1432,1414,0,18
919,4105,0,-3186
2157,2153,0,4
1302,1265,0,37
1958,1963,0,-5
1280,1252,0,28
2454,2452,0,2
449,447,0,2
3072,3073,0,-1
1588,1454,0,134
1341,1332,0,9
816,878,0,-62
501,1953,0,-1452
1236,1092,0,144
873,881,0,-8
2512,2654,0,-142
771,767,0,4
902,892,0,10
1966,1892,0,74
829,833,0,-4
2358,2105,0,253
1555,1553,0,2
922,921,0,1
1626,1601,0,25
2027,,,
1340,,,
1895,1881,0,14
1880,1881,0,-1
607,607,0,0
2334,2332,0,2
849,852,0,-3
1744,1745,0,-1
1521,1433,0,88
834,838,0,-4
2681,2585,0,96
1162,1161,0,1
1898,1905,0,-7
1227,1212,0,15
2416,2401,0,15
993,998,0,-5
741,744,0,-3
1873,1865,0,8
1198,1358,0,-160
2229,2313,0,-84
702,721,0,-19
361,361,0,0
965,945,0,20
2156,2172,0,-16
445,412,0,33
1991,1985,0,6
3065,2972,0,93
2769,2745,0,24
1041,1038,0,3
1125,1113,0,12
1375,1372,0,3
371,372,0,-1
1113,1127,0,-14
2925,2825,0,100
982,993,0,-11
1402,1401,0,1
2461,2492,0,-31
338,332,0,6
2475,2508,0,-33
961,974,0,-13
2331,2305,0,26
1147,1145,0,2
1842,1865,0,-23
217,214,0,3
828,852,0,-24
673,681,0,-8
2348,2353,0,-5
1973,1972,0,1
450,3745,0,-3295
770,753,0,17
1017,1012,0,5
1059,1033,0,26
2323,2323,0,0
1630,1625,0,5
1418,1412,0,6
1232,1252,0,-20
1009,1014,0,-5
1536,1521,0,15
632,614,0,18
543,504,0,39
547,534,0,13
437,438,0,-1
1258,1265,0,-7
1101,1094,0,7
2632,2625,0,7
508,504,0,4
2582,2574,0,8
1195,1193,0,2
1108,1104,0,4
1103,1113,0,-10
1079,1065,0,14
1471,1527,0,-56
1007,3041,0,-2034
543,532,0,11
1348,1332,0,16
1934,1927,0,7
1750,1734,0,16
431,425,0,6
2028,2033,0,-5
889,905,0,-16
1799,1772,0,27
2744,2732,0,12
1456,1454,0,2
832,852,0,-20
759,753,0,6
963,962,0,1
1301,1287,0,14
1374,1361,0,13
1533,1532,0,1
1715,1572,0,143
632,627,0,5
2709,2673,0,36
1647,1647,0,0
2450,2433,0,17
918,,,
1044,1052,0,-8
3006,2932,0,74
2197,,,
933,921,0,12
921,921,0,0
1668,1652,0,16
1374,1372,0,2
1175,1174,0,1
1313,1305,0,8
1818,1825,0,-7
486,504,0,-18
2546,2612,0,-66
772,4073,0,-3301
464,465,0,-1
1157,1172,0,-15
1951,1945,0,6
417,424,0,-7
986,934,0,52
909,918,0,-9
953,961,0,-8
1680,1694,0,-14
789,784,0,5
1517,1513,0,4
1659,1654,0,5
1706,1692,0,14
1316,1321,0,-5
341,332,0,9
1950,1932,0,18
2788,2772,0,16
1076,1105,0,-29
890,4894,0,-4004
911,921,0,-10
310,304,0,6
1019,1012,0,7
1950,1958,0,-8
198,202,0,-4
1505,1504,0,1
1705,1665,0,40
1461,1452,0,9
1481,1473,0,8
1519,1513,0,6
1150,1153,0,-3
683,673,0,10
746,745,0,1
1282,1254,0,28
1717,1721,0,-4
2872,2905,0,-33
835,825,0,10
879,878,0,1
719,744,0,-25
1075,1064,0,11
1118,1113,0,5
718,718,0,0
1320,1327,0,-7
551,544,0,7
1203,1212,0,-9
435,438,0,-3
356,344,0,12
427,513,0,-86
1689,1625,0,64
1424,1425,0,-1
1405,1225,0,180
1047,1052,0,-5
1758,1763,0,-5
824,825,0,-1
1904,1905,0,-1
1503,,,
790,785,0,5
1629,1612,0,17
2148,2145,0,3
1377,1372,0,5
1226,1254,0,-28
2581,2878,0,-297
2368,2353,0,15
828,825,0,3
1177,1193,0,-16
1635,1633,0,2
710,704,0,6
773,774,0,-1
2409,2363,0,46
2660,2625,0,35
510,518,0,-8
893,892,0,1
3653,3745,0,-92
727,772,0,-45
518,518,0,0
1572,1572,0,0
1332,1327,0,5
1379,1374,0,5
2454,2454,0,0
1136,1132,0,4
1725,1713,0,12
878,1094,0,-216
774,772,0,2
1687,1665,0,22
2238,2241,0,-3
2457,2443,0,14
2613,2553,0,60
1965,1953,0,12
1111,1113,0,-2
440,433,0,7
750,761,0,-11
790,784,0,6
461,734,0,-273
1376,1353,0,23
979,972,0,7
3486,3518,0,-32
592,574,0,18
591,593,0,-2
828,825,0,3
2331,2305,0,26
945,927,0,18
898,887,0,11
2272,2264,0,8
916,921,0,-5
1317,1174,0,143
869,864,0,5
2532,2481,0,51
1647,1641,0,6
884,894,0,-10
551,545,0,6
1834,1812,0,22
1284,1273,0,11
2017,1918,0,99
231,233,0,-2
643,624,0,19
1032,1012,0,20
433,452,0,-19
1136,,,
2095,2073,0,22
1349,,,
952,961,0,-9
1343,1332,0,11
1591,1593,0,-2
786,793,0,-7
329,345,0,-16
1030,993,0,37
1376,1367,0,9
3455,3425,0,30
2010,1803,0,207
2049,2052,0,-3
1633,1612,0,21
887,921,0,-34
3179,3105,0,74
1314,3972,0,-2658
1345,1353,0,-8
1144,1121,0,23
2409,2385,0,24
993,974,0,19
363,358,0,5
915,838,0,77
2241,2233,0,8
2591,2492,0,99
1102,1105,0,-3
291,294,0,-3
2360,2353,0,7
2182,2225,0,-43
1864,1873,0,-9
3050,3025,0,25
878,,,
518,521,0,-3
1440,1412,0,28
1158,1161,0,-3
1016,1033,0,-17
544,544,0,0
1204,1212,0,-8
2804,2814,0,-10
1301,,,
971,1007,0,-36
802,798,0,4
1485,1492,0,-7
1928,1921,0,7
914,913,0,1
1592,1593,0,-1
678,664,0,14
1348,1305,0,43
811,812,0,-1
2293,2292,0,1
1461,1425,0,36
1004,1007,0,-3
542,534,0,8
3272,3353,0,-81
891,892,0,-1
1898,1873,0,25
1439,1433,0,6
2178,2105,0,73
909,904,0,5
1258,1278,0,-20
456,494,0,-38
693,692,0,1
2166,2353,0,-187
1775,,,
2601,2593,0,8
528,532,0,-4
787,785,0,2
256,273,0,-17
2576,2572,0,4
1550,1544,0,6
1372,1433,0,-61
2756,2753,0,3
588,601,0,-13
1072,1064,0,8
3555,3553,0,2
1823,1825,0,-2
1970,1972,0,-2
1992,2001,0,-9
2967,2945,0,22
1067,1068,0,-1
1191,1212,0,-21
1153,1132,0,21
673,692,0,-19
1183,1185,0,-2
1680,1654,0,26
1954,1985,0,-31
3275,3283,0,-8
1688,1692,0,-4
1274,1287,0,-13
1589,1593,0,-4
2896,2881,0,15
1267,1252,0,15
1404,1398,0,6
815,814,0,1
1719,1585,0,134
3230,3161,0,69
915,913,0,2
699,704,0,-5
979,972,0,7
1356,1304,0,52
1700,1705,0,-5
1490,1487,0,3
636,647,0,-11
1356,1372,0,-16
2466,2265,0,201
544,545,0,-1
1142,1214,0,-72
3264,3265,0,-1
442,441,0,1
665,664,0,1
1184,1145,0,39
2999,3025,0,-26
1553,2193,0,-640
448,447,0,1
1753,1745,0,8
971,958,0,13
1504,1505,0,-1
887,892,0,-5
1006,5052,0,-4046
1716,1732,0,-16
3037,3073,0,-36
587,553,0,34
3102,3094,0,8
955,958,0,-3
1315,2532,0,-1217
2357,,,
1108,1092,0,16
2308,2292,0,16
596,584,0,12
1073,1073,0,0
2480,2465,0,15
1856,1692,0,164
800,801,0,-1
1584,1593,0,-9
417,412,0,5
1234,1242,0,-8
836,833,0,3
673,652,0,21
1218,1212,0,6
1940,1945,0,-5
487,492,0,-5
1166,1158,0,8
1193,1185,0,8
1010,1014,0,-4
1612,1612,0,0
881,881,0,0
694,785,0,-91
2373,2305,0,68
1050,1038,0,12
377,372,0,5
737,745,0,-8
1579,1545,0,34
630,625,0,5
2460,2465,0,-5
2171,2153,0,18
3288,3465,0,-177
706,673,0,33
2348,5454,0,-3106
882,873,0,9
1128,1144,0,-16
1483,1505,0,-22
646,647,0,-1
3473,3534,0,-61
422,424,0,-2
2843,2774,0,69
256,252,0,4
485,487,0,-2
1291,1292,0,-1
3603,3681,0,-78
639,638,0,1
2057,2052,0,5
1039,1033,0,6
726,732,0,-6
778,793,0,-15
1677,1652,0,25
738,732,0,6
1730,1705,0,25
698,692,0,6
819,812,0,7
877,801,0,76
744,793,0,-49
2635,2614,0,21
733,727,0,6
1470,1454,0,16
274,264,0,10
2265,2305,0,-40
1016,1012,0,4
782,793,0,-11
1385,1372,0,13
2870,2825,0,45
917,913,0,4
648,705,0,-57
1537,1527,0,10
428,424,0,4
1142,1153,0,-11
1105,1092,0,13
1573,1585,0,-12
1030,1024,0,6
1748,1745,0,3
1440,1447,0,-7
1318,1281,0,37
1173,1174,0,-1
1069,1073,0,-4
816,814,0,2
1017,1012,0,5
1134,1134,0,0
936,932,0,4
1240,1201,0,39
838,838,0,0
506,492,0,14
1600,1593,0,7
3387,3393,0,-6
675,668,0,7
1225,1225,0,0
2454,,,
1281,1281,0,0
2284,2278,0,6
1148,1145,0,3
2421,2534,0,-113
2255,2254,0,1
796,798,0,-2
637,625,0,12
1674,1734,0,-60
780,785,0,-5
1001,1001,0,0
1388,1393,0,-5
459,454,0,5
812,812,0,0
1220,1233,0,-13
2673,2641,0,32
1973,1972,0,1
1756,1732,0,24
353,353,0,0
1037,,,
1265,1273,0,-8
1368,1372,0,-4
2757,2758,0,-1
704,641,0,63
999,3334,0,-2335
703,704,0,-1
1097,1092,0,5
1098,1104,0,-6
1372,1385,0,-13
618,574,0,44
554,553,0,1
373,367,0,6
2855,2985,0,-130
2909,2913,0,-4
987,1007,0,-20
981,972,0,9
2243,2323,0,-80
713,713,0,0
965,972,0,-7
303,321,0,-18
786,772,0,14
936,932,0,4
1677,1692,0,-15
2790,2774,0,16
1340,1332,0,8
777,732,0,45
2295,2332,0,-37
1269,1265,0,4
2649,2665,0,-16
1010,1094,0,-84
792,787,0,5
1234,1201,0,33
863,854,0,9
1263,1225,0,38
3230,3473,0,-243
2058,2052,0,6
1426,1425,0,1
1039,1105,0,-66
2842,2852,0,-10
1244,1185,0,59
2543,2553,0,-10
1384,1372,0,12
1276,1265,0,11
2335,2332,0,3
556,553,0,3
1980,1962,0,18
635,687,0,-52
877,887,0,-10
1538,1532,0,6
1501,1494,0,7
825,825,0,0
1370,1414,0,-44
1193,1172,0,21
755,758,0,-3
1798,1654,0,144
798,812,0,-14
1103,1094,0,9
869,841,0,28
1610,1625,0,-15
1968,2094,0,-126
938,944,0,-6
2900,2892,0,8
1118,873,0,245
2555,2558,0,-3
807,807,0,0
972,993,0,-21
1383,1361,0,22
842,5532,0,-4690
427,425,0,2
1183,1185,0,-2
251,3638,0,-3387
1088,1092,0,-4
1318,1292,0,26
2738,2732,0,6
530,532,0,-2
1896,1785,0,111
954,953,0,1
558,425,0,133
2191,2193,0,-2
1115,1118,0,-3
1619,1585,0,34
1782,1772,0,10
953,953,0,0
1027,1033,0,-6
1036,1047,0,-11
759,774,0,-15
570,561,0,9
2096,2092,0,4
805,812,0,-7
2350,2367,0,-17
522,532,0,-10
1984,1985,0,-1
1836,1825,0,11
1676,1774,0,-98
812,801,0,11
1088,1092,0,-4
1006,993,0,13
414,407,0,7
1775,1785,0,-10
697,704,0,-7
375,374,0,1
1315,1385,0,-70
625,647,0,-22
1449,1452,0,-3
1114,1118,0,-4
1636,1614,0,22
601,,,
982,972,0,10
1052,1065,0,-13
1198,1212,0,-14
1888,1892,0,-4
1063,1073,0,-10
683,681,0,2
756,772,0,-16
2032,2065,0,-33
600,593,0,7
2843,2785,0,58
1497,1481,0,16
229,225,0,4
1210,1145,0,65
1249,1252,0,-3
1429,1614,0,-185
882,,,
356,372,0,-16
2651,2641,0,10
1083,1054,0,29
2645,2585,0,60
852,825,0,27
656,652,0,4
557,558,0,-1
3505,3473,0,32
1119,1132,0,-13
2328,2334,0,-6
2139,2134,0,5
523,505,0,18
1419,1412,0,7
503,494,0,9
617,612,0,5
1748,1705,0,43
1041,1041,0,0
1332,1332,0,0
1423,1654,0,-231
1136,1214,0,-78
2874,2865,0,9
533,534,0,-1
3165,3153,0,12
295,233,0,62
1452,1412,0,40
731,727,0,4
904,892,0,12
300,313,0,-13
700,692,0,8
1175,1184,0,-9
1414,1393,0,21
1037,1054,0,-17
551,544,0,7
956,961,0,-5
1622,1614,0,8
2215,2212,0,3
1432,1425,0,7
1990,1985,0,5
2416,2433,0,-17
853,854,0,-1
1225,1212,0,13
1355,1353,0,2
2792,2812,0,-20
2636,2625,0,11
415,412,0,3
1442,1425,0,17
1328,1334,0,-6
480,478,0,2
826,812,0,14
1581,1614,0,-33
1133,3664,0,-2531
1965,1945,0,20
433,433,0,0
1320,1313,0,7
475,473,0,2
1169,1054,0,115
552,553,0,-1
561,567,0,-6
1155,1127,0,28
849,852,0,-3
2027,2001,0,26
1118,1113,0,5
926,913,0,13
3171,3174,0,-3
2566,2561,0,5
2618,2607,0,11
1806,1812,0,-6
1724,1713,0,11
2696,2713,0,-17
3527,3734,0,-207
656,652,0,4
923,932,0,-9
556,545,0,11
2667,2585,0,82
2433,2425,0,8
1210,1185,0,25
742,744,0,-2
1793,1785,0,8
604,585,0,19
1450,1433,0,17
268,252,0,16
1084,1078,0,6
988,998,0,-10
791,793,0,-2
1352,1054,0,298
1523,3412,0,-1889
931,927,0,4
608,612,0,-4
1621,1612,0,9
1471,1464,0,7
579,584,0,-5
1291,1292,0,-1
1685,1692,0,-7
1591,1652,0,-61
2914,3201,0,-287
408,414,0,-6
1437,1414,0,23
1574,1572,0,2
1026,1033,0,-7
1125,1132,0,-7
1013,5761,0,-4748
550,545,0,5
1835,1841,0,-6
2332,2353,0,-21
627,593,0,34
1470,1452,0,18
990,998,0,-8
805,865,0,-60
1792,1793,0,-1
1061,904,0,157
1382,1398,0,-16
618,627,0,-9
2124,2065,0,59
512,518,0,-6
431,427,0,4
868,873,0,-5
2610,2633,0,-23
526,,,
1074,1094,0,-20
1196,1201,0,-5
1069,1073,0,-4
658,652,0,6
1676,1652,0,24
772,772,0,0
1984,1985,0,-1
505,505,0,0
468,452,0,16
3277,3332,0,-55
1115,1118,0,-3
874,878,0,-4
602,598,0,4
952,4732,0,-3780
1183,1167,0,16
2511,2505,0,6
641,652,0,-11
2159,2172,0,-13
828,824,0,4
1406,1401,0,5
2449,2433,0,16
1501,1478,0,23
721,727,0,-6
2387,2393,0,-6
1871,1873,0,-2
601,598,0,3
369,372,0,-3
840,841,0,-1
890,934,0,-44
1039,1041,0,-2
508,504,0,4
924,913,0,11
2190,2193,0,-3
918,913,0,5
2031,2012,0,19
2643,2633,0,10
963,921,0,42
2129,2121,0,8
1063,1064,0,-1
920,922,0,-2
506,518,0,-12
1026,984,0,42
496,,,
2416,2385,0,31
1160,1145,0,15
1043,1038,0,5
229,233,0,-4
574,,,
1749,1793,0,-44
892,881,0,11
872,841,0,31
1446,1465,0,-19
1746,1745,0,1
1241,1273,0,-32
1733,1732,0,1
677,682,0,-5
1394,1393,0,1
446,438,0,8
1632,1873,0,-241
1691,1692,0,-1
1135,1193,0,-58
539,534,0,5
568,593,0,-25
2660,2692,0,-32
1368,1372,0,-4
906,913,0,-7
848,852,0,-4
1629,1625,0,4
746,772,0,-26
1263,1252,0,11
247,238,0,9
711,710,0,1
1212,1207,0,5
1034,1007,0,27
1798,1785,0,13
1643,5145,0,-3502
475,478,0,-3
652,633,0,19
982,972,0,10
972,961,0,11
3071,3073,0,-2
3292,3265,0,27
1362,1353,0,9
1537,1532,0,5
1923,1905,0,18
2103,2334,0,-231
1043,1024,0,19
1695,1694,0,1
2847,2847,0,0
1398,1372,0,26
670,681,0,-11
2508,2513,0,-5
1030,1024,0,6
981,967,0,14
3425,3438,0,-13
1629,1545,0,84
1001,998,0,3
1098,1092,0,6
1168,1273,0,-105
1433,1414,0,19
871,878,0,-7
953,944,0,9
858,852,0,6
3101,3105,0,-4
3318,3353,0,-35
707,732,0,-25
2838,2825,0,13
2818,2665,0,153
742,784,0,-42
1688,1705,0,-17
586,593,0,-7
990,1073,0,-83
992,972,0,20
1269,1327,0,-58
809,807,0,2
1352,1345,0,7
1785,1774,0,11
2967,2998,0,-31
2290,2273,0,17
3902,3833,0,69
511,521,0,-10
1023,1025,0,-2
2436,2372,0,64
1431,1412,0,19
328,321,0,7
916,913,0,3
1939,1934,0,5
2470,2473,0,-3
814,812,0,2
1280,1273,0,7
1715,1705,0,10
438,447,0,-9
701,665,0,36
431,424,0,7
1609,1612,0,-3
780,772,0,8
2715,2793,0,-78
3073,2905,0,168
833,833,0,0
534,454,0,80
2095,2081,0,14
2819,2785,0,34
3028,3025,0,3
1226,1225,0,1
890,887,0,3
891,881,0,10
2151,2158,0,-7
2016,2025,0,-9
574,694,0,-120
626,624,0,2
1898,1892,0,6
2178,2172,0,6
763,772,0,-9
848,892,0,-44
1371,1367,0,4
3439,3532,0,-93
656,654,0,2
1191,1193,0,-2
1346,1332,0,14
535,532,0,3
1329,1305,0,24
710,713,0,-3
3489,3585,0,-96
954,972,0,-18
1846,1852,0,-6
434,441,0,-7
1439,1454,0,-15
386,393,0,-7
534,534,0,0
440,454,0,-14
1323,1385,0,-62
887,904,0,-17
1826,1892,0,-66
891,614,0,277
2146,2145,0,1
1248,1225,0,23
970,984,0,-14
308,,,
2022,2025,0,-3
903,905,0,-2
609,625,0,-16
1403,1398,0,5
1339,1344,0,-5
1306,1292,0,14
2143,2132,0,11
2101,2214,0,-113
670,665,0,5
1023,1033,0,-10
761,793,0,-32
1064,1052,0,12
1131,1132,0,-1
1007,985,0,22
635,633,0,2
1717,1713,0,4
916,921,0,-5
2106,2172,0,-66
285,264,0,21
3629,3585,0,44
1773,1732,0,41
675,694,0,-19
941,1033,0,-92
1907,1932,0,-25
3125,3065,0,60
686,678,0,8
2100,2113,0,-13
1726,1713,0,13
397,401,0,-4
1237,1172,0,65
1594,1585,0,9
1290,1254,0,36
433,441,0,-8
750,744,0,6
995,974,0,21
874,881,0,-7
2297,2292,0,5
399,398,0,1
475,614,0,-139
1820,1812,0,8
1932,1945,0,-13
1141,1153,0,-12
645,607,0,38
1613,1612,0,1
1026,1024,0,2
1432,1393,0,39
751,753,0,-2
1020,1225,0,-205
1586,1553,0,33
2006,1905,0,101
2929,2132,0,797
1758,1745,0,13
1050,1052,0,-2
708,704,0,4
247,252,0,-5
1009,985,0,24
946,945,0,1
655,654,0,1
1084,1087,0,-3
851,864,0,-13
1456,1425,0,31
444,438,0,6
256,287,0,-31
3460,3425,0,35
541,547,0,-6
1936,1972,0,-36
1052,1041,0,11
1857,1838,0,19
540,532,0,8
1304,1294,0,10
1482,1522,0,-40
1219,1225,0,-6
1595,1572,0,23
2505,2833,0,-328
983,984,0,-1
2362,2465,0,-103
3333,3345,0,-12
2502,2481,0,21
2321,2332,0,-11
721,718,0,3
1794,2073,0,-279
1727,1713,0,14
3008,3014,0,-6
790,793,0,-3
721,732,0,-11
1244,1233,0,11
1227,1225,0,2
450,454,0,-4
1189,1172,0,17
1840,1873,0,-33
1538,1545,0,-7
532,532,0,0
1327,1332,0,-5
1898,1865,0,33
1096,1092,0,4
3125,3127,0,-2
830,825,0,5
2034,2033,0,1
1043,1052,0,-9
1098,1113,0,-15
1281,1292,0,-11
3022,3033,0,-11
384,401,0,-17
1848,1841,0,7
1546,1545,0,1
1153,1153,0,0
922,932,0,-10
2217,2212,0,5
494,492,0,2
1789,1814,0,-25
1804,1798,0,6
2142,2145,0,-3
909,934,0,-25
1776,1785,0,-9
795,2904,0,-2109
2761,2761,0,0
514,521,0,-7
1690,1721,0,-31
799,814,0,-15
917,913,0,4
1006,985,0,21
1364,1358,0,6
1442,1452,0,-10
1739,2185,0,-446
934,945,0,-11
760,673,0,87
1647,1638,0,9
203,202,0,1
1980,2185,0,-205
1597,1527,0,70
1132,1134,0,-2
993,1001,0,-8
832,824,0,8
1097,1161,0,-64
1070,1064,0,6
1175,1132,0,43
414,414,0,0
2530,2532,0,-2
1108,1113,0,-5
1569,1574,0,-5
517,521,0,-4
877,865,0,12
3146,3012,0,134
991,1007,0,-16
1222,1238,0,-16
980,974,0,6
2667,2732,0,-65
1886,1878,0,8
1571,1561,0,10
1387,1372,0,15
1472,1465,0,7
1718,1694,0,24
1789,1774,0,15
707,721,0,-14
1298,1292,0,6
1442,1441,0,1
839,852,0,-13
1273,1625,0,-352
3043,3033,0,10
2455,2478,0,-23
609,607,0,2
2565,2385,0,180
952,958,0,-6
733,732,0,1
2472,2454,0,18
904,904,0,0
668,664,0,4
369,334,0,35
2580,2572,0,8
938,932,0,6
1079,1081,0,-2
2697,2694,0,3
2104,2132,0,-28
2250,2241,0,9
1177,593,0,584
1594,1593,0,1
1644,1652,0,-8
477,465,0,12
2428,2433,0,-5
1037,1065,0,-28
1154,1145,0,9
2507,2505,0,2
916,913,0,3
986,972,0,14
1032,1025,0,7
819,812,0,7
1100,1122,0,-22
1445,1425,0,20
1303,4825,0,-3522
1382,1372,0,10
1040,1033,0,7
1323,1321,0,2
2119,2105,0,14
296,264,0,32
2393,2345,0,48
1768,2054,0,-286
698,687,0,11
762,767,0,-5
883,887,0,-4
1540,1534,0,6
1345,1265,0,80
1820,1802,0,18
894,894,0,0
1061,1065,0,-4
832,852,0,-20
959,953,0,6
2509,2833,0,-324
1042,1047,0,-5
1846,1825,0,21
1575,1574,0,1
2118,2278,0,-160
661,664,0,-3
883,892,0,-9
1632,1624,0,8
1089,1087,0,2
2243,2214,0,29
1039,1038,0,1
919,905,0,14
472,473,0,-1
1002,1065,0,-63
972,953,0,19
1222,1198,0,24
1537,1532,0,5
2591,2601,0,-10
483,478,0,5
1274,1254,0,20
1089,1092,0,-3
630,633,0,-3
1024,1024,0,0
1578,1567,0,11
757,761,0,-4
1470,1372,0,98
2760,2745,0,15
2069,2081,0,-12
932,932,0,0
2217,1134,0,1083
1277,1287,0,-10
933,958,0,-25
1486,1487,0,-1
1411,1412,0,-1
1205,1198,0,7
1489,1473,0,16
3845,3865,0,-20
2360,2345,0,15
1969,1967,0,2
708,705,0,3
1037,5332,0,-4295
1071,1064,0,7
1137,1134,0,3
2277,2345,0,-68
836,833,0,3
3204,3094,0,110
717,732,0,-15
1410,1412,0,-2
1979,1985,0,-6
1860,1772,0,88
1230,1345,0,-115
1011,1012,0,-1
1576,1572,0,4
311,334,0,-23
1225,1214,0,11
1341,1334,0,7
958,958,0,0
647,641,0,6
1405,1425,0,-20
1498,1492,0,6
3342,3372,0,-30
1495,1492,0,3
1815,1833,0,-18
592,598,0,-6
2960,2961,0,-1
1851,1852,0,-1
1426,1425,0,1
876,932,0,-56
755,744,0,11
633,633,0,0
526,527,0,-1
1654,1652,0,2
904,894,0,10
3506,3505,0,1
1414,1412,0,2
914,913,0,1
609,601,0,8
1020,1012,0,8
2500,2494,0,6
1012,1001,0,11
753,745,0,8
942,3242,0,-2300
254,3174,0,-2920
2902,2865,0,37
527,518,0,9
812,812,0,0
2584,2553,0,31
1327,1292,0,35
1150,1161,0,-11
831,814,0,17
961,993,0,-32
1618,1625,0,-7
2525,2534,0,-9
979,993,0,-14
1275,1292,0,-17
975,974,0,1
910,945,0,-35
2102,2094,0,8
2027,2052,0,-25
1181,1025,0,156
980,984,0,-4
1606,1545,0,61
2148,2198,0,-50
437,473,0,-36
1605,1612,0,-7
1703,1665,0,38
1960,1958,0,2
3850,3865,0,-15
1033,1025,0,8
2320,2305,0,15
733,772,0,-39
1247,1214,0,33
474,414,0,60
1744,1745,0,-1
1532,1532,0,0
1172,1172,0,0
2421,2412,0,9
1460,,,
1246,1233,0,13
411,305,0,106
2311,2305,0,6
1271,1278,0,-7
347,313,0,34
242,2767,0,-2525
2903,2865,0,38
3714,3705,0,9
1294,1334,0,-40
1199,4193,0,-2994
1429,1438,0,-9
455,513,0,-58
889,892,0,-3
2186,2185,0,1
3083,3081,0,2
928,927,0,1
989,993,0,-4
1344,1345,0,-1
785,793,0,-8
1205,1065,0,140
914,905,0,9
1814,1801,0,13
896,985,0,-89
452,1612,0,-1160
2117,2132,0,-15
1222,1225,0,-3
2164,2153,0,11
2315,2313,0,2
329,332,0,-3
735,732,0,3
1612,1593,0,19
451,873,0,-422
2477,2425,0,52
785,785,0,0
1953,1961,0,-8
1010,993,0,17
2556,5105,0,-2549
1043,993,0,50
358,372,0,-14
2141,2132,0,9
1585,1574,0,11
398,398,0,0
2418,2441,0,-23
2509,2465,0,44
988,998,0,-10
729,753,0,-24
872,894,0,-22
1855,1814,0,41
698,692,0,6
596,601,0,-5
3486,3473,0,13
2400,2505,0,-105
586,567,0,19
1183,1198,0,-15
456,465,0,-9
508,601,0,-93
2752,2745,0,7
1610,1612,0,-2
1331,1345,0,-14
699,705,0,-6
2443,2465,0,-22
1025,1027,0,-2
1081,1092,0,-11
549,532,0,17
1918,1913,0,5
741,732,0,9
2790,2793,0,-3
1615,1612,0,3
593,1158,0,-565
1903,1892,0,11
1601,1598,0,3
1540,1532,0,8
642,652,0,-10
1056,1052,0,4
432,428,0,4
482,487,0,-5
538,544,0,-6
1301,1305,0,-4
1725,1745,0,-20
442,438,0,4
1206,1212,0,-6
925,918,0,7
1816,1814,0,2
1218,1214,0,4
2472,2454,0,18
1458,1452,0,6
1003,1012,0,-9
1104,1094,0,10
557,553,0,4
682,673,0,9
1638,1641,0,-3
514,513,0,1
1304,1292,0,12
1811,1807,0,4
956,905,0,51
2529,2505,0,24
1162,1172,0,-10
764,753,0,11
385,374,0,11
2368,2372,0,-4
2449,2465,0,-16
2405,2385,0,20
1826,1793,0,33
651,,,
489,487,0,2
804,,,
2531,,,
1231,1225,0,6
924,921,0,3
2523,2567,0,-44
1092,1025,0,67
402,361,0,41
1675,1665,0,10
549,425,0,124
1760,1753,0,7
1223,1193,0,30
1020,1012,0,8
187,193,0,-6
336,334,0,2
652,652,0,0
2012,2012,0,0
1183,1193,0,-10
2530,2532,0,-2
1213,1212,0,1
953,945,0,8
2074,2081,0,-7
698,692,0,6
840,812,0,28
1763,1767,0,-4
1034,1014,0,20
1532,1532,0,0
681,654,0,27
1761,1758,0,3
725,732,0,-7
312,3278,0,-2966
1564,1553,0,11
591,584,0,7
1393,1134,0,259
365,367,0,-2
790,793,0,-3
997,984,0,13
812,807,0,5
1270,1294,0,-24
1505,1505,0,0
779,761,0,18
192,214,0,-22
1100,1092,0,8
1126,1105,0,21
937,972,0,-35
516,513,0,3
815,812,0,3
729,694,0,35
910,913,0,-3
1201,1212,0,-11
1190,1212,0,-22
2059,2268,0,-209
2505,2505,0,0
2692,2705,0,-13
574,585,0,-11
636,654,0,-18
536,481,0,55
2586,2585,0,1
1787,1772,0,15
2244,2212,0,32
1119,1113,0,6
2554,2513,0,41
725,2334,0,-1609
3243,3185,0,58
1308,1294,0,14
606,601,0,5
2946,2934,0,12
1599,1345,0,254
1675,1665,0,10
2206,2265,0,-59
1389,1393,0,-4
693,753,0,-60
1227,1225,0,2
1608,1633,0,-25
615,625,0,-10
1671,1678,0,-7
706,704,0,2
1382,1385,0,-3
2270,2252,0,18
717,718,0,-1
1258,1264,0,-6
1191,1207,0,-16
878,878,0,0
2431,2385,0,46
619,624,0,-5
996,993,0,3
190,273,0,-83
455,447,0,8
1276,1265,0,11
3562,3545,0,17
2414,2558,0,-144
1592,1572,0,20
1802,1807,0,-5
934,934,0,0
822,793,0,29
1335,1332,0,3
2302,2292,0,10
930,934,0,-4
1076,1078,0,-2
2458,2481,0,-23
964,967,0,-3
753,,,
777,772,0,5
781,793,0,-12
1248,1252,0,-4
1918,1913,0,5
878,887,0,-9
1098,4687,0,-3589
1012,1012,0,0
1594,1612,0,-18
709,727,0,-18
645,647,0,-2
1285,1254,0,31
1713,1681,0,32
3458,3465,0,-7
1256,1252,0,4
2774,2753,0,21
1007,985,0,22
792,793,0,-1
1459,1452,0,7
1750,1758,0,-8
1960,1993,0,-33
697,694,0,3
665,494,0,171
822,812,0,10
1777,1772,0,5
2351,2353,0,-2
1506,1425,0,81
1368,1358,0,10
3879,4094,0,-215
444,441,0,3
2488,2465,0,23
1493,1492,0,1
1340,1321,0,19
3860,4113,0,-253
1956,1945,0,11
760,772,0,-12
1867,1865,0,2
1098,1127,0,-29
1443,1465,0,-22
1140,1145,0,-5
2069,2094,0,-25
872,873,0,-1
1310,1294,0,16
618,614,0,4
216,214,0,2
3209,3201,0,8
666,654,0,12
1525,1534,0,-9
2635,2854,0,-219
442,505,0,-63
883,892,0,-9
1154,1162,0,-8
2294,2278,0,16
4032,4174,0,-142
1026,1033,0,-7
708,713,0,-5
3331,3345,0,-14
1388,1345,0,43
654,652,0,2
1882,1887,0,-5
781,784,0,-3
1869,1854,0,15
836,841,0,-5
2335,2345,0,-10
772,694,0,78
384,385,0,-1
1779,1772,0,7
1792,1772,0,20
1823,,,
585,607,0,-22
1123,1094,0,29
2359,2353,0,6
825,814,0,11
1011,1033,0,-22
575,572,0,3
1031,1041,0,-10
1308,1321,0,-13
1311,1313,0,-2
1067,1078,0,-11
1674,1833,0,-159
1049,1073,0,-24
1765,1772,0,-7
973,993,0,-20
1117,1092,0,25
2211,2224,0,-13
1191,1193,0,-2
1338,1332,0,6
1822,1852,0,-30
1791,1785,0,6
738,732,0,6
2668,2774,0,-106
1195,1185,0,10
1591,1607,0,-16
2012,2014,0,-2
1331,1345,0,-14
1362,1353,0,9
2167,2167,0,0
1116,1127,0,-11
2068,2065,0,3
3012,3025,0,-13
2369,2393,0,-24
801,812,0,-11
1457,2414,0,-957
280,278,0,2
1674,1641,0,33
716,721,0,-5
755,774,0,-19
1788,1793,0,-5
3084,,,
2772,2753,0,19
1635,1638,0,-3
3628,3585,0,43
1248,1273,0,-25
790,802,0,-12
980,,,
1327,1313,0,14
1054,1054,0,0
1595,1601,0,-6
1234,1145,0,89
939,927,0,12
2776,2721,0,55
2017,2001,0,16
882,878,0,4
2999,2985,0,14
1860,1852,0,8
505,504,0,1
1150,1145,0,5
2981,2985,0,-4
1105,1092,0,13
967,972,0,-5
1628,1673,0,-45
622,625,0,-3
698,713,0,-15
959,4372,0,-3413
793,793,0,0
2403,2425,0,-22
1955,1905,0,50
1053,1054,0,-1
960,1105,0,-145
2407,2185,0,222
2397,2513,0,-116
1465,1465,0,0
1507,1505,0,2
1864,1905,0,-41
1796,1881,0,-85
704,705,0,-1
1830,1814,0,16
1884,1881,0,3
1267,1287,0,-20
1013,1033,0,-20
1003,993,0,10
2059,2052,0,7
976,974,0,2
512,518,0,-6
2479,2492,0,-13
2106,2025,0,81
1966,1972,0,-6
1509,1527,0,-18
2630,2641,0,-11
1758,1767,0,-9
627,614,0,13
2042,2025,0,17
2525,2534,0,-9
1279,1273,0,6
3420,3414,0,6
848,745,0,103
2858,2841,0,17
2058,2065,0,-7
2680,2681,0,-1
1076,1065,0,11
1833,1812,0,21
2750,2734,0,16
1403,1414,0,-11
796,814,0,-18
898,905,0,-7
1315,1294,0,21
300,294,0,6
2682,2692,0,-10
409,414,0,-5
1454,1465,0,-11
1574,1585,0,-11
1219,1224,0,-5
1979,1974,0,5
727,1025,0,-298
334,334,0,0
280,278,0,2
2366,2345,0,21
2282,2334,0,-52
1634,1574,0,60
1511,1553,0,-42
732,393,0,339
1499,1492,0,7
1654,1647,0,7
637,652,0,-15
1513,1513,0,0
1727,1732,0,-5
906,913,0,-7
638,641,0,-3
2791,2793,0,-2
1117,1127,0,-10
757,761,0,-4
1525,1492,0,33
1875,1833,0,42
1136,1127,0,9
1349,4598,0,-3249
444,,,
1398,1412,0,-14
429,424,0,5
469,467,0,2
1099,1092,0,7
516,534,0,-18
2353,2225,0,128
368,372,0,-4
690,687,0,3
344,332,0,12
1212,985,0,227
1102,1113,0,-11
591,625,0,-34
712,718,0,-6
518,518,0,0
671,678,0,-7
703,692,0,11
1069,1073,0,-4
1983,1985,0,-2
572,572,0,0
1178,1172,0,6
1585,1574,0,11
828,824,0,4
773,713,0,60
920,932,0,-12
2046,1985,0,61
1122,1105,0,17
3377,3414,0,-37
1349,1332,0,17
3653,3865,0,-212
1025,1024,0,1
1165,1172,0,-7
631,638,0,-7
2180,2161,0,19
1277,1225,0,52
1170,1172,0,-2
1958,1945,0,13
954,1014,0,-60
981,993,0,-12
2409,2443,0,-34
2010,2014,0,-4
1669,1665,0,4
615,633,0,-18
487,494,0,-7
943,934,0,9
2590,2361,0,229
2722,2705,0,17
219,4960,0,-4741
1158,1167,0,-9
621,628,0,-7
900,923,0,-23
2286,2321,0,-35
1268,1505,0,-237
1131,1132,0,-1
238,3412,0,-3174
636,638,0,-2
1134,1132,0,2
1389,1372,0,17
1560,1553,0,7
2042,2025,0,17
2091,2113,0,-22
1002,985,0,17
1215,1294,0,-79
359,334,0,25
602,534,0,68
2019,2001,0,18
517,585,0,-68
1213,1212,0,1
1268,1273,0,-5
744,825,0,-81
1568,1593,0,-25
1826,1793,0,33
2089,2092,0,-3
2340,2332,0,8
2415,2372,0,43
1669,1681,0,-12
1182,1172,0,10
1925,4433,0,-2508
2003,2012,0,-9
920,913,0,7
1237,1252,0,-15
1061,1081,0,-20
1629,1598,0,31
1134,1127,0,7
1325,1414,0,-89
2679,2652,0,27
1020,1012,0,8
925,905,0,20
1668,1692,0,-24
1208,1212,0,-4
1739,1732,0,7
1887,1873,0,14
1156,1207,0,-51
1193,1184,0,9
1821,1865,0,-44
1262,1252,0,10
587,584,0,3
2012,4753,0,-2741
2653,2652,0,1
512,593,0,-81
1176,1167,0,9
2067,2092,0,-25
1307,1305,0,2
1385,1374,0,11
731,833,0,-102
746,673,0,73
2857,2865,0,-8
2834,3174,0,-340
417,412,0,5
743,747,0,-4
775,774,0,1
1674,1665,0,9
713,825,0,-112
781,784,0,-3
1484,1494,0,-10
518,521,0,-3
1027,1025,0,2
923,918,0,5
2634,2641,0,-7
990,998,0,-8
2783,2953,0,-170
2422,2401,0,21
607,607,0,0
443,447,0,-4
887,892,0,-5
1174,1161,0,13
2884,2705,0,179
1629,1625,0,4
989,984,0,5
1126,1105,0,21
1442,1433,0,9
1644,1633,0,11
538,534,0,4
1188,1198,0,-10
469,467,0,2
1656,1652,0,4
1568,1572,0,-4
1137,1145,0,-8
1235,1241,0,-6
2119,2121,0,-2
1310,1353,0,-43
878,894,0,-16
420,412,0,8
1969,1945,0,24
449,452,0,-3
841,847,0,-6
1808,1798,0,10
577,553,0,24
1150,1134,0,16
1545,1572,0,-27
1220,1212,0,8
1547,1513,0,34
2077,2065,0,12
1676,1681,0,-5
2733,2673,0,60
1182,1185,0,-3
485,473,0,12
1618,1625,0,-7
2178,2172,0,6
1808,1825,0,-17
601,601,0,0
1147,1134,0,13
729,721,0,8
1568,1585,0,-17
767,785,0,-18
1825,1807,0,18
1154,1132,0,22
2715,2825,0,-110
510,507,0,3
352,334,0,18
431,414,0,17
1716,1705,0,11
874,878,0,-4
612,585,0,27
1161,1214,0,-53
556,534,0,22
621,612,0,9
727,721,0,6
911,904,0,7
935,934,0,1
803,793,0,10
1017,1007,0,10
819,814,0,5
1923,1732,0,191
1035,1041,0,-6
1509,1505,0,4
687,681,0,6
2230,2241,0,-11
2385,2372,0,13
560,567,0,-7
2016,,,
1251,1254,0,-3
1809,1807,0,2
1517,1673,0,-156
230,201,0,29
477,473,0,4
2438,2428,0,10
1135,1174,0,-39
1307,1313,0,-6
1337,1345,0,-8
2816,2812,0,4
642,652,0,-10
1494,1487,0,7
2306,2294,0,12
966,962,0,4
1084,1092,0,-8
976,972,0,4
775,5424,0,-4649
1284,1292,0,-8
996,993,0,3
1776,1865,0,-89
3594,3625,0,-31
828,,,
1590,1572,0,18
996,985,0,11
2481,2441,0,40
1673,3345,0,-1672
899,4814,0,-3915
1161,1108,0,53
636,624,0,12
2036,2521,0,-485
3128,3083,0,45
870,865,0,5
1243,1153,0,90
2476,2505,0,-29
1092,1092,0,0
1004,985,0,19
1669,1614,0,55
1044,1041,0,3
982,833,0,149
1154,1161,0,-7
481,478,0,3
1179,1172,0,7
1287,1281,0,6
1054,1064,0,-10
701,721,0,-20
2550,2545,0,5
1424,1174,0,250
3156,3214,0,-58
2071,2054,0,17
2397,2412,0,-15
1492,,,
586,585,0,1
441,447,0,-6
434,438,0,-4
2794,2913,0,-119
1046,1064,0,-18
1426,1385,0,41
593,593,0,0
2235,2225,0,10
2827,2785,0,42
1912,1825,0,87
3347,3345,0,2
1147,1132,0,15
1379,1385,0,-6
1295,1305,0,-10
684,692,0,-8
1273,1425,0,-152
1378,1385,0,-7
523,193,0,330
399,398,0,1
2025,2014,0,11
482,465,0,17
1144,1144,0,0
393,393,0,0
2227,2225,0,2
1966,1945,0,21
1385,1374,0,11
1225,1225,0,0
708,705,0,3
1775,1772,0,3
502,504,0,-2
410,414,0,-4
3025,3094,0,-69
1080,1073,0,7
2841,2812,0,29
3686,3673,0,13
1470,,,
1988,1974,0,14
2856,2803,0,53
1647,1654,0,-7
704,713,0,-9
1021,1024,0,-3
2543,2612,0,-69
822,812,0,10
3037,3025,0,12
1674,1673,0,1
1122,5772,0,-4650
492,687,0,-195
1737,1732,0,5
3224,3225,0,-1
2883,2873,0,10
2447,2465,0,-18
824,825,0,-1
1061,1052,0,9
1667,1654,0,13
432,424,0,8
906,932,0,-26
1853,1852,0,1
626,1468,0,-842
991,974,0,17
732,732,0,0
2337,2281,0,56
1982,1985,0,-3
2204,2212,0,-8
2676,2894,0,-218
966,961,0,5
1659,1654,0,5
1224,1247,0,-23
815,814,0,1
451,414,0,37
1573,1561,0,12
423,424,0,-1
1443,1433,0,10
553,534,0,19
3017,3073,0,-56
1176,1167,0,9
790,824,0,-34
1217,1225,0,-8
400,5452,0,-5052
1023,1001,0,22
317,321,0,-4
966,953,0,13
2653,2665,0,-12
2754,2654,0,100
1050,1041,0,9
1399,1441,0,-42
1616,1633,0,-17
2622,2625,0,-3
1629,1633,0,-4
984,993,0,-9
2543,2532,0,11
1086,1078,0,8
417,1894,0,-1477
798,807,0,-9
1481,1454,0,27
1185,1153,0,32
1891,1878,0,13
921,922,0,-1
1502,1452,0,50
663,652,0,11
2527,2505,0,22
1073,1014,0,59
1453,1441,0,12
2091,2105,0,-14
1228,1313,0,-85
1812,1838,0,-26
1179,1145,0,34
1556,1553,0,3
703,705,0,-2
323,327,0,-4
764,,,
1646,1652,0,-6
1417,1407,0,10
316,318,0,-2
906,905,0,1
397,398,0,-1
299,294,0,5
1047,1052,0,-5
598,598,0,0
523,505,0,18
1588,1607,0,-19
936,932,0,4
795,793,0,2
2452,2593,0,-141
1877,1865,0,12
1030,1054,0,-24
436,,,
1256,1273,0,-17
2462,2468,0,-6
1184,1172,0,12
491,505,0,-14
577,561,0,16
441,452,0,-11
1011,1012,0,-1
1003,1007,0,-4
2402,2372,0,30
1769,1772,0,-3
280,284,0,-4
926,921,0,5
1526,1527,0,-1
1384,1305,0,79
1318,1332,0,-14
624,614,0,10
1899,1892,0,7
2266,2233,0,33
2207,2193,0,14
2513,2527,0,-14
1516,1534,0,-18
1090,1105,0,-15
1410,1425,0,-15
334,345,0,-11
762,5092,0,-4330
2694,2641,0,53
1589,1585,0,4
680,681,0,-1
1342,1361,0,-19
750,814,0,-64
1373,1372,0,1
901,894,0,7
2510,2492,0,18
674,665,0,9
1526,1532,0,-6
543,534,0,9
2160,2172,0,-12
578,572,0,6
2946,3014,0,-68
587,584,0,3
1275,1273,0,2
351,518,0,-167
591,734,0,-143
1768,1774,0,-6
661,652,0,9
523,527,0,-4
1826,1692,0,134
1923,1972,0,-49
1762,1745,0,17
1756,4593,0,-2837
1068,1052,0,16
2603,2612,0,-9
979,984,0,-5
1277,1294,0,-17
879,913,0,-34
978,972,0,6
1272,1278,0,-6
1773,1767,0,6
459,465,0,-6
1196,1185,0,11
2952,2934,0,18
1319,1294,0,25
1126,1132,0,-6
719,812,0,-93
1278,1252,0,26
1079,1073,0,6
622,612,0,10
569,572,0,-3
1798,1801,0,-3
3130,3105,0,25
975,985,0,-10
1512,1393,0,119
819,833,0,-14
1183,1198,0,-15
2449,,,
1166,1073,0,93
741,758,0,-17
1366,1372,0,-6
1288,1265,0,23
810,801,0,9
1202,1193,0,9
674,694,0,-20
1036,713,0,323
1373,1385,0,-12
2660,2652,0,8
1096,1092,0,4
830,812,0,18
1387,1385,0,2
2034,2014,0,20
1019,1025,0,-6
1641,1652,0,-11
871,873,0,-2
499,574,0,-75
391,372,0,19
1041,4001,0,-2960
1194,1193,0,1
802,801,0,1
853,852,0,1
1229,1224,0,5
1993,1974,0,19
1232,1212,0,20
1081,1092,0,-11
2386,2374,0,12
946,932,0,14
331,327,0,4
3448,3494,0,-46
1061,1052,0,9
927,921,0,6
1293,1292,0,1
2312,2305,0,7
1112,1105,0,7
1128,1105,0,23
3363,3414,0,-51
1072,1054,0,18
1472,1454,0,18
331,332,0,-1
2249,2273,0,-24
971,882,0,89
1329,1313,0,16
943,944,0,-1
714,705,0,9
694,692,0,2
263,199,0,64
2019,1892,0,127
1344,1361,0,-17
708,727,0,-19
1159,1478,0,-319
943,1012,0,-69
1062,1064,0,-2
664,664,0,0
895,894,0,1
3468,3454,0,14
488,492,0,-4
2380,2372,0,8
253,252,0,1
1029,993,0,36
293,318,0,-25
1250,1238,0,12
2534,2447,0,87
517,534,0,-17
2500,2505,0,-5
663,665,0,-2
1208,1207,0,1
2096,2092,0,4
1093,1092,0,1
1276,1278,0,-2
2164,2105,0,59
687,681,0,6
1017,1012,0,5
2034,2014,0,20
2177,2193,0,-16
1845,1812,0,33
2305,2292,0,13
887,887,0,0
469,473,0,-4
782,2292,0,-1510
1679,1692,0,-13
2418,2478,0,-60
1130,1132,0,-2
1065,1052,0,13
2360,2345,0,15
897,905,0,-8
1053,1054,0,-1
1536,1532,0,4
1534,1572,0,-38
3420,3401,0,19
968,,,
333,332,0,1
520,527,0,-7
1918,1913,0,5
1362,1428,0,-66
616,612,0,4
888,892,0,-4
1137,,,
676,667,0,9
1388,1414,0,-26
3512,3513,0,-1
783,785,0,-2
777,767,0,10
919,972,0,-53
1513,1487,0,26
1713,1694,0,19
3080,3094,0,-14
758,814,0,-56
2563,2585,0,-22
1027,1014,0,13
1677,1665,0,12
2307,2265,0,42
1052,1052,0,0
931,921,0,10
1940,1945,0,-5
402,401,0,1
1320,1327,0,-7
2180,2185,0,-5
1463,1452,0,11
1593,1593,0,0
688,705,0,-17
1062,1038,0,24
1077,3934,0,-2857
735,732,0,3
2099,2113,0,-14
588,574,0,14
1541,1532,0,9
1654,1572,0,82
1673,1665,0,8
1675,1665,0,10
865,864,0,1
1347,1334,0,13
2037,2033,0,4
1812,1801,0,11
650,873,0,-223
1245,1233,0,12
2414,2401,0,13
1811,1812,0,-1
973,1038,0,-65
607,601,0,6
1048,1054,0,-6
703,727,0,-24
1166,1153,0,13
1045,1052,0,-7
924,913,0,11
623,624,0,-1
1317,1313,0,4
1268,1252,0,16
1862,1865,0,-3
1199,1198,0,1
1176,953,0,223
1790,1774,0,16
541,433,0,108
1795,1761,0,34
2708,2713,0,-5
578,593,0,-15
2355,2281,0,74
3288,3265,0,23
891,892,0,-1
1691,1687,0,4
494,504,0,-10
552,558,0,-6
881,878,0,3
978,1012,0,-34
2761,2838,0,-77
2696,2705,0,-9
720,732,0,-12
1944,1945,0,-1
1170,1172,0,-2
1874,1825,0,49
425,424,0,1
497,492,0,5
821,833,0,-12
1699,1713,0,-14
1268,1278,0,-10
2619,2625,0,-6
3415,3425,0,-10
3343,3332,0,11
640,641,0,-1
788,785,0,3
3180,3185,0,-5
856,864,0,-8
1090,1081,0,9
2883,2865,0,18
1182,1185,0,-3
1523,1513,0,10
2671,2673,0,-2
1789,1793,0,-4
784,812,0,-28
1480,1492,0,-12
1043,1041,0,2
690,694,0,-4
1516,1513,0,3
2242,2201,0,41
819,793,0,26
2432,2433,0,-1
1306,1332,0,-26
1266,1252,0,14
1383,1393,0,-10
854,852,0,2
2269,2265,0,4
1380,1385,0,-5
929,922,0,7
536,532,0,4
603,612,0,-9
2368,2353,0,15
2925,2972,0,-47
367,361,0,6
1131,1144,0,-13
1016,1012,0,4
828,838,0,-10
3150,3254,0,-104
306,318,0,-12
3383,3372,0,11
979,972,0,7
616,612,0,4
892,892,0,0
2919,2945,0,-26
1270,1252,0,18
2147,2132,0,15
1425,1433,0,-8
1322,1318,0,4
875,865,0,10
300,294,0,6
286,294,0,-8
1450,1473,0,-23
3765,4193,0,-428
217,214,0,3
1845,1852,0,-7
3305,3313,0,-8
1385,1374,0,11
1587,1532,0,55
1527,1513,0,14
393,393,0,0
1061,1052,0,9
483,487,0,-4
686,694,0,-8
2421,2425,0,-4
522,527,0,-5
2517,2534,0,-17
1537,1545,0,-8
1026,1024,0,2
1062,1065,0,-3
1108,1105,0,3
899,905,0,-6
1142,4402,0,-3260
1627,1652,0,-25
1596,1654,0,-58
1206,1193,0,13
2382,2372,0,10
1080,1433,0,-353
3068,3172,0,-104
1020,1024,0,-4
1121,1113,0,8
2283,2273,0,10
270,273,0,-3
1410,1593,0,-183
1016,1007,0,9
762,745,0,17
856,852,0,4
1778,1785,0,-7
1470,1345,0,125
1530,1545,0,-15
439,452,0,-13
1543,1545,0,-2
1637,1641,0,-4
963,972,0,-9
1267,1265,0,2
1016,985,0,31
2943,3025,0,-82
1504,1505,0,-1
2626,2612,0,14
1431,1425,0,6
382,384,0,-2
934,945,0,-11
435,393,0,42
689,687,0,2
1424,1414,0,10
1096,1092,0,4
1589,1574,0,15
1168,1134,0,34
2211,2214,0,-3
657,664,0,-7
1216,1212,0,4
444,414,0,30
1416,1412,0,4
3132,3207,0,-75
2068,2054,0,14
2926,2801,0,125
1141,1145,0,-4
2126,2118,0,8
1124,5132,0,-4008
693,694,0,-1
2128,2132,0,-4
2174,2201,0,-27
1037,1052,0,-15
2921,2852,0,69
728,727,0,1
1200,1185,0,15
216,214,0,2
963,961,0,2
957,961,0,-4
1695,1705,0,-10
1892,1774,0,118
1394,1407,0,-13
885,927,0,-42
662,652,0,10
2190,2185,0,5
1143,1214,0,-71
1536,1532,0,4
2901,2894,0,7
984,993,0,-9
1779,1772,0,7
898,854,0,44
956,953,0,3
2562,2558,0,4
2521,2532,0,-11
1071,1081,0,-10
933,932,0,1
2705,2705,0,0
1479,1452,0,27
874,905,0,-31
1479,1492,0,-13
1593,1505,0,88
1489,1492,0,-3
1097,1065,0,32
1314,1305,0,9
2055,2041,0,14
927,921,0,6
1283,1814,0,-531
2859,2465,0,394
1107,1094,0,13
653,665,0,-12
1645,1647,0,-2
3292,3305,0,-13
1123,1118,0,5
1481,1473,0,8
501,1313,0,-812
1331,1332,0,-1
1123,1127,0,-4
1784,1772,0,12
246,264,0,-18
1725,1718,0,7
2663,2643,0,20
905,894,0,11
1030,,,
2089,2092,0,-3
1500,1473,0,27
1833,1825,0,8
3120,3094,0,26
1294,1318,0,-24
2079,1865,0,214
2481,2385,0,96
755,744,0,11
1834,,,
482,558,0,-76
1343,1345,0,-2
706,694,0,12
927,927,0,0
1615,1593,0,22
1653,1652,0,1
1023,1052,0,-29
1277,1292,0,-15
1580,1593,0,-13
1957,1967,0,-10
1585,1572,0,13
1415,1412,0,3
2670,2633,0,37
1260,1225,0,35
696,694,0,2
1848,1865,0,-17
1051,1065,0,-14
2612,2545,0,67
784,772,0,12
1026,1025,0,1
2365,2465,0,-100
2919,2921,0,-2
1427,1433,0,-6
992,993,0,-1
2894,2905,0,-11
1051,1054,0,-3
2680,2692,0,-12
1440,1483,0,-43
1767,1767,0,0
1798,,,
1250,1247,0,3
485,467,0,18
518,521,0,-3
1670,1654,0,16
3170,3214,0,-44
1149,1153,0,-4
1364,1353,0,11
304,304,0,0
2365,2385,0,-20
3080,3105,0,-25
755,761,0,-6
1363,1361,0,2
1506,1433,0,73
1452,1494,0,-42
1031,1025,0,6
1133,4002,0,-2869
537,534,0,3
286,,,
1789,1793,0,-4
1347,1334,0,13
1614,1561,0,53
953,953,0,0
1160,1494,0,-334
1855,1812,0,43
1188,612,0,576
1653,1694,0,-41
640,641,0,-1
1800,1785,0,15
580,584,0,-4
372,372,0,0
1670,1665,0,5
1917,1932,0,-15
1094,1081,0,13
3011,2753,0,258
592,601,0,-9
497,473,0,24
2465,2465,0,0
1188,1193,0,-5
707,745,0,-38
2089,2118,0,-29
1372,1361,0,11
1282,1281,0,1
894,854,0,40
1406,1407,0,-1
1101,1127,0,-26
1049,1041,0,8
1071,1073,0,-2
732,713,0,19
1486,1478,0,8
779,785,0,-6
2288,2281,0,7
1993,1985,0,8
1125,1113,0,12
608,593,0,15
1385,1353,0,32
870,878,0,-8
1322,1241,0,81
2546,2553,0,-7
927,921,0,6
1601,1561,0,40
632,638,0,-6
641,633,0,8
421,494,0,-73
1727,1745,0,-18
856,864,0,-8
928,932,0,-4
409,412,0,-3
564,584,0,-20
1168,1172,0,-4
3048,3041,0,7
1233,1225,0,8
2650,2721,0,-71
399,412,0,-13
230,241,0,-11
730,713,0,17
973,985,0,-12
1581,1572,0,9
535,513,0,22
961,962,0,-1
1905,1892,0,13
1080,1081,0,-1
838,814,0,24
495,513,0,-18
288,3252,0,-2964
879,972,0,-93
2585,2545,0,40
743,761,0,-18
1923,1945,0,-22
2240,2225,0,15
638,652,0,-14
517,454,0,63
2617,2612,0,5
1911,1945,0,-34
3749,3751,0,-2
2991,3001,0,-10
2885,2865,0,20
791,793,0,-2
2756,2948,0,-192
890,921,0,-31
694,665,0,29
327,321,0,6
458,452,0,6
1011,1002,0,9
889,892,0,-3
1323,1332,0,-9
806,793,0,13
2150,2134,0,16
1400,1393,0,7
664,664,0,0
1264,1265,0,-1
1481,1478,0,3
1440,1425,0,15
1023,1012,0,11
983,972,0,11
1152,1174,0,-22
740,745,0,-5
1141,1174,0,-33
1997,2001,0,-4
1570,1785,0,-215
792,801,0,-9
1680,1652,0,28
2347,2478,0,-131
2886,2873,0,13
944,934,0,10
430,534,0,-104
1379,1372,0,7
1335,1033,0,302
1222,1452,0,-230
711,704,0,7
847,865,0,-18
3626,3614,0,12
744,734,0,10
1782,1785,0,-3
1902,1892,0,10
1062,985,0,77
2601,2593,0,8
1237,1294,0,-57
566,562,0,4
478,1078,0,-600
1238,1233,0,5
3047,3174,0,-127
577,625,0,-48
1015,,,
986,972,0,14
1535,1532,0,3
2138,2132,0,6
806,812,0,-6
761,772,0,-11
2835,2854,0,-19
542,553,0,-11
570,574,0,-4
1875,1865,0,10
1147,1145,0,2
278,264,0,14
532,532,0,0
569,572,0,-3
2896,2825,0,71
490,598,0,-108
1097,1134,0,-37
466,454,0,12
2066,2054,0,12
2979,2967,0,12
1212,1207,0,5
878,873,0,5
593,593,0,0
2781,2774,0,7
1255,1265,0,-10
666,545,0,121
3096,3105,0,-9
1501,1513,0,-12
719,732,0,-13
826,814,0,12
1560,1534,0,26
3089,3052,0,37
468,505,0,-37
1365,1372,0,-7
626,,,
2271,2081,0,190
1952,2294,0,-342
2232,2233,0,-1
1053,1054,0,-1
459,452,0,7
1042,1033,0,9
944,945,0,-1
1095,1092,0,3
1470,1585,0,-115
1605,1585,0,20
2414,2401,0,13
538,534,0,4
800,793,0,7
903,913,0,-10
3163,3167,0,-4
646,638,0,8
570,607,0,-37
1203,1212,0,-9
804,798,0,6
747,732,0,15
3131,3121,0,10
1506,1478,0,28
881,878,0,3
2159,2172,0,-13
1331,1332,0,-1
1883,1892,0,-9
1721,1753,0,-32
1160,1162,0,-2
698,694,0,4
1118,1092,0,26
535,598,0,-63
1891,1881,0,10
866,913,0,-47
1898,1892,0,6
624,614,0,10
1408,1441,0,-33
721,601,0,120
1028,1012,0,16
2184,2172,0,12
471,465,0,6
1896,1873,0,23
1998,1985,0,13
328,327,0,1
583,598,0,-15
951,958,0,-7
904,921,0,-17
1361,1372,0,-11
978,972,0,6
3174,3172,0,2
772,772,0,0
3449,3465,0,-16
962,3692,0,-2730
1793,1785,0,8
488,481,0,7
1999,2012,0,-13
1158,1161,0,-3
799,801,0,-2
1599,1593,0,6
1455,1452,0,3
894,854,0,40
974,972,0,2
1530,1532,0,-2
844,847,0,-3
2623,2612,0,11
1219,1212,0,7
596,633,0,-37
3401,3353,0,48
1781,1761,0,20
1036,1033,0,3
1444,1433,0,11
1074,1033,0,41
618,647,0,-29
1133,1132,0,1
1094,1092,0,2
1755,1753,0,2
1643,1665,0,-22
2674,2614,0,60
2492,2425,0,67
1501,1492,0,9
735,758,0,-23
1595,1625,0,-30
1544,1534,0,10
926,921,0,5
1335,1313,0,22
1572,1465,0,107
2043,1985,0,58
553,513,0,40
2571,2572,0,-1
2746,2745,0,1
1907,1913,0,-6
2058,2052,0,6
1156,1172,0,-16
723,721,0,2
1016,1033,0,-17
1133,1134,0,-1
2070,2065,0,5
1135,1127,0,8
609,612,0,-3
1463,1452,0,11
1540,1532,0,8
2725,2727,0,-2
2617,2612,0,5
1528,1532,0,-4
1178,1167,0,11
1377,1372,0,5
1126,1145,0,-19
941,932,0,9
1433,1424,0,9
1420,1425,0,-5
3198,3345,0,-147
1673,1705,0,-32
552,534,0,18
771,705,0,66
2443,2433,0,10
2304,2305,0,-1
1252,1254,0,-2
869,892,0,-23
1830,1825,0,5
775,814,0,-39
806,801,0,5
2521,2513,0,8
1360,1334,0,26
973,972,0,1
2207,2612,0,-405
1568,1572,0,-4
611,607,0,4
1203,1214,0,-11
927,2174,0,-1247
512,505,0,7
1383,1367,0,16
569,572,0,-3
745,1161,0,-416
1130,1113,0,17
969,984,0,-15
3144,3153,0,-9
855,892,0,-37
3630,3753,0,-123
2275,2273,0,2
2559,2545,0,14
3314,3321,0,-7
1976,2372,0,-396
2083,2065,0,18
1102,1092,0,10
476,481,0,-5
1742,1732,0,10
1373,1384,0,-11
3091,3174,0,-83
831,3814,0,-2983
1580,1572,0,8
1131,2905,0,-1774
1023,1012,0,11
578,4545,0,-3967
570,585,0,-15
1051,1052,0,-1
2082,2081,0,1
2305,2273,0,32
932,927,0,5
1683,1678,0,5
428,424,0,4
1193,1174,0,19
853,972,0,-119
1743,1798,0,-55
225,214,0,11
1082,1078,0,4
2596,2612,0,-16
608,625,0,-17
1443,1441,0,2
498,494,0,4
865,854,0,11
1746,1753,0,-7
261,267,0,-6
2292,,,
3745,3694,0,51
1257,1252,0,5
541,2744,0,-2203
2235,2214,0,21
1367,1361,0,6
1185,1185,0,0
1683,1681,0,2
1290,1294,0,-4
949,934,0,15
2072,2078,0,-6
1240,1294,0,-54
1349,1345,0,4
932,932,0,0
1351,1332,0,19
1845,1838,0,7
1376,1372,0,4
832,825,0,7
1752,1753,0,-1
2868,2833,0,35
1060,1064,0,-4
1743,1745,0,-2
767,772,0,-5
3243,3254,0,-11
581,598,0,-17
1414,1412,0,2
1027,1012,0,15
1423,1425,0,-2
672,721,0,-49
733,732,0,1
570,553,0,17
433,438,0,-5
960,953,0,7
1140,1132,0,8
2953,2985,0,-32
817,812,0,5
413,412,0,1
1044,1041,0,3
2532,2534,0,-2
1262,1252,0,10
1645,1652,0,-7
837,833,0,4
478,454,0,24
1057,1052,0,5
849,865,0,-16
1056,1052,0,4
1411,1414,0,-3
782,793,0,-11
1258,1252,0,6
697,692,0,5
2129,2113,0,16
628,633,0,-5
250,252,0,-2
1016,998,0,18
729,772,0,-43
1273,1185,0,88
207,,,
1510,1505,0,5
1708,1705,0,3
728,722,0,6
1257,1265,0,-8
432,433,0,-1
496,494,0,2
1590,1585,0,5
1935,1945,0,-10
937,1092,0,-155
1169,1172,0,-3
575,572,0,3
2292,2321,0,-29
1862,1852,0,10
897,892,0,5
1843,1838,0,5
621,633,0,-12
799,801,0,-2
1107,1113,0,-6
784,807,0,-23
2154,2145,0,9
2239,2305,0,-66
2742,2732,0,10
2553,2572,0,-19
1044,1047,0,-3
2056,2025,0,31
1619,1652,0,-33
1724,1732,0,-8
1328,1321,0,7
2007,1913,0,94
1292,1305,0,-13
2828,2505,0,323
762,847,0,-85
995,1001,0,-6
933,932,0,1
1539,1527,0,12
1935,1905,0,30
1005,1065,0,-60
1064,1047,0,17
3360,3905,0,-545
2295,2292,0,3
1701,1673,0,28
1885,1905,0,-20
1247,1233,0,14
1127,1132,0,-5
853,842,0,11
1886,1873,0,13
637,633,0,4
1493,1494,0,-1
996,1001,0,-5
946,1003,0,-57
1277,1273,0,4
624,633,0,-9
1336,1153,0,183
1088,1081,0,7
1325,1332,0,-7
2710,2713,0,-3
1102,1105,0,-3
684,705,0,-21
410,407,0,3
598,598,0,0
2809,2847,0,-38
203,198,0,5
2103,1945,0,158
1582,1585,0,-3
1600,1601,0,-1
985,1025,0,-40
2803,2873,0,-70
2228,,,
1075,1078,0,-3
378,398,0,-20
213,212,0,1
1047,1033,0,14
2400,2433,0,-33
2748,2694,0,54
1239,1233,0,6
968,5518,0,-4550
1816,1812,0,4
285,294,0,-9
939,932,0,7
1877,1887,0,-10
618,612,0,6
1128,1305,0,-177
1587,1558,0,29
1428,1334,0,94
1864,1793,0,71
1345,1358,0,-13
1169,1172,0,-3
922,932,0,-10
561,562,0,-1
671,673,0,-2
961,945,0,16
866,864,0,2
1331,1321,0,10
492,492,0,0
3962,3985,0,-23
703,681,0,22
1102,1254,0,-152
570,574,0,-4
577,601,0,-24
678,678,0,0
2414,2412,0,2
1443,1433,0,10
3915,3918,0,-3
2079,2025,0,54
941,944,0,-3
1131,1134,0,-3
1054,1052,0,2
1565,1598,0,-33
1726,1727,0,-1
1909,1905,0,4
2978,2953,0,25
1642,,,
1409,1385,0,24
3774,,,
1118,1113,0,5
1198,,,
1221,1212,0,9
3101,2825,0,276
760,753,0,7
727,713,0,14
2072,2065,0,7
1192,1184,0,8
1024,1024,0,0
703,704,0,-1
1764,1745,0,19
787,772,0,15
461,585,0,-124
2461,2465,0,-4
1860,1854,0,6
637,638,0,-1
1436,,,
1375,1353,0,22
292,313,0,-21
2866,2873,0,-7
1906,1905,0,1
1302,1313,0,-11
1619,1625,0,-6
1087,1092,0,-5
890,,,
1911,1905,0,6
2318,2614,0,-296
3448,3438,0,10
1127,1113,0,14
662,647,0,15
2461,2481,0,-20
1504,1494,0,10
604,607,0,-3
1051,1047,0,4
886,878,0,8
1780,1652,0,128
1817,1807,0,10
2845,2852,0,-7
1232,1225,0,7
3043,3092,0,-49
734,721,0,13
1845,1825,0,20
1966,1913,0,53
1864,1865,0,-1
1349,1292,0,57
1503,1505,0,-2
1493,1492,0,1
1304,1305,0,-1
1544,1534,0,10
2657,2425,0,232
271,273,0,-2
1347,1132,0,215
2679,2673,0,6
1136,1145,0,-9
2802,2772,0,30
470,464,0,6
1245,1225,0,20
717,753,0,-36
572,572,0,0
2740,2732,0,8
1876,1881,0,-5
640,633,0,7
1644,1641,0,3
1332,1332,0,0
1324,1345,0,-21
1096,1078,0,18
1533,1527,0,6
1320,1292,0,28
2909,2932,0,-23
811,812,0,-1
699,673,0,26
1049,1052,0,-3
1554,1558,0,-4
1735,1727,0,8
1716,1718,0,-2
2315,2305,0,10
2462,2452,0,10
726,705,0,21
2421,2473,0,-52
1361,1372,0,-11
786,2544,0,-1758
2829,2812,0,17
1435,1433,0,2
1238,1241,0,-3
1929,1932,0,-3
1169,1167,0,2
1275,1273,0,2
963,953,0,10
594,584,0,10
812,812,0,0
1361,1372,0,-11
2039,1887,0,152
1364,1334,0,30
832,825,0,7
1205,1214,0,-9
1656,1641,0,15
2055,2073,0,-18
893,873,0,20
564,558,0,6
1735,1745,0,-10
2217,,,
677,745,0,-68
453,447,0,6
824,824,0,0
794,767,0,27
1502,1492,0,10
272,267,0,5
1273,1254,0,19
660,673,0,-13
1448,1433,0,15
1533,1532,0,1
3346,3385,0,-39
823,812,0,11
684,692,0,-8
547,553,0,-6
906,918,0,-12
1048,1047,0,1
551,545,0,6
827,825,0,2
1339,1332,0,7
811,812,0,-1
1488,1473,0,15
529,534,0,-5
1320,1313,0,7
2443,2433,0,10
678,673,0,5
1214,1214,0,0
1607,1473,0,134
316,318,0,-2
1450,1452,0,-2
1414,1273,0,141
1161,1167,0,-6
1536,1518,0,18
851,825,0,26
1440,1433,0,7
1801,1814,0,-13
1033,1041,0,-8
378,401,0,-23
1048,1041,0,7
1420,1412,0,8
544,534,0,10
1068,1073,0,-5
2036,2033,0,3
607,601,0,6
3156,2953,0,203
636,654,0,-18
1826,1825,0,1
2977,2972,0,5
694,692,0,2
1171,1094,0,77
1062,1073,0,-11
2035,2012,0,23
1393,1374,0,19
1249,1247,0,2
2759,2745,0,14
594,641,0,-47
1431,1438,0,-7
2324,2252,0,72
1039,1054,0,-15
922,905,0,17
1095,1118,0,-23
2091,2065,0,26
2537,2553,0,-16
1261,1252,0,9
2107,2105,0,2
2250,2252,0,-2
2842,2843,0,-1
1126,1073,0,53
800,745,0,55
1393,1407,0,-14
848,852,0,-4
785,784,0,1
835,841,0,-6
645,393,0,252
256,252,0,4
707,705,0,2
602,601,0,1
1561,1561,0,0
1144,1025,0,119
1103,1174,0,-71
1516,1487,0,29
1168,1054,0,114
613,673,0,-60
1167,1172,0,-5
276,294,0,-18
2261,2241,0,20
570,561,0,9
2065,2105,0,-40
280,304,0,-24
903,985,0,-82
863,852,0,11
1557,1572,0,-15
1404,1385,0,19
2073,2065,0,8
429,407,0,22
1512,1521,0,-9
385,385,0,0
1155,1132,0,23
1870,,,
2433,2433,0,0
1608,1633,0,-25
1256,1247,0,9
1067,1092,0,-25
1524,1553,0,-29
1281,1287,0,-6
1981,1967,0,14
994,993,0,1
875,878,0,-3
679,673,0,6
553,544,0,9
751,744,0,7
1188,1172,0,16
679,641,0,38
1782,1774,0,8
428,424,0,4
1231,1238,0,-7
1762,1772,0,-10
1058,1052,0,6
1194,1172,0,22
2146,2145,0,1
582,574,0,8
250,264,0,-14
907,904,0,3
1242,1305,0,-63
914,913,0,1
1367,1473,0,-106
2980,3038,0,-58
1120,1121,0,-1
1264,1265,0,-1
880,985,0,-105
1319,1265,0,54
2856,2873,0,-17
3181,3172,0,9
1279,1292,0,-13
979,984,0,-5
2321,2092,0,229
738,614,0,124
2049,2025,0,24
1120,1118,0,2
1404,1398,0,6
3550,3545,0,5
2181,2172,0,9
1004,993,0,11
1093,1113,0,-20
1544,1545,0,-1
509,513,0,-4
991,984,0,7
1312,1294,0,18
1063,1064,0,-1
2284,2265,0,19
1329,1327,0,2
2005,1985,0,20
1467,1452,0,15
1334,1318,0,16
770,793,0,-23
1420,1407,0,13
1407,1332,0,75
823,824,0,-1
3268,3247,0,21
933,932,0,1
2773,2793,0,-20
874,944,0,-70
2069,2052,0,17
1592,1572,0,20
512,561,0,-49
1261,1252,0,9
397,393,0,4
601,612,0,-11
947,1001,0,-54
1416,1414,0,2
1642,1652,0,-10
670,681,0,-11
2566,2574,0,-8
1126,1127,0,-1
1659,1673,0,-14
2089,4803,0,-2714
1153,814,0,339
977,972,0,5
2697,2993,0,-296
1242,1252,0,-10
1012,1014,0,-2
388,393,0,-5
410,414,0,-4
1612,1553,0,59
2269,,,
1736,1732,0,4
3314,3334,0,-20
1686,1652,0,34
704,704,0,0
1406,,,
3406,3393,0,13
738,732,0,6
2097,2087,0,10
1342,1344,0,-2
955,881,0,74
831,812,0,19
1875,1892,0,-17
1233,1233,0,0
2207,2201,0,6
1126,1132,0,-6
744,745,0,-1
1171,1172,0,-1
1124,1118,0,6
176,188,0,-12
549,544,0,5
3129,3127,0,2
969,1014,0,-45
518,518,0,0
2216,2252,0,-36
1081,1078,0,3
1372,1372,0,0
2860,2881,0,-21
848,852,0,-4
2405,2452,0,-47
1356,1372,0,-16
1738,1681,0,57
417,412,0,5
1609,1607,0,2
802,801,0,1
896,918,0,-22
354,353,0,1
1962,1972,0,-10
2310,2233,0,77
3542,3545,0,-3
1158,4454,0,-3296
1016,1001,0,15
335,344,0,-9
799,814,0,-15
803,807,0,-4
2606,,,
815,814,0,1
1075,1073,0,2
289,294,0,-5
1693,1713,0,-20
3055,3052,0,3
856,852,0,4
810,854,0,-44
1896,1894,0,2
458,464,0,-6
4724,4705,0,19
1085,1087,0,-2
1746,1793,0,-47
1606,1612,0,-6
2179,2172,0,7
2064,2065,0,-1
2057,2105,0,-48
1518,1532,0,-14
816,812,0,4
1321,1353,0,-32
1021,1012,0,9
1745,1758,0,-13
1048,1033,0,15
1944,1945,0,-1
3041,3121,0,-80
1319,1318,0,1
1028,1012,0,16
992,985,0,7
3185,3201,0,-16
382,372,0,10
666,654,0,12
1572,1545,0,27
2868,2843,0,25
729,854,0,-125
2774,2772,0,2
1907,1881,0,26
1781,1785,0,-4
680,678,0,2
3161,3225,0,-64
2398,2385,0,13
275,281,0,-6
859,864,0,-5
1609,894,0,715
1568,1572,0,-4
1319,1313,0,6
1380,1372,0,8
1519,1521,0,-2
3137,2945,0,192
1242,1212,0,30
1164,1145,0,19
2069,1953,0,116
1495,1492,0,3
894,892,0,2
233,233,0,0
1700,1694,0,6
1571,1545,0,26
2426,2407,0,19
571,545,0,26
1267,1247,0,20
1115,1094,0,21
742,732,0,10
1661,1654,0,7
1649,1633,0,16
1608,1593,0,15
2550,2553,0,-3
1827,1841,0,-14
2877,2865,0,12
871,864,0,7
964,972,0,-8
1839,1852,0,-13
489,487,0,2
1325,1313,0,12
1075,1078,0,-3
816,824,0,-8
563,553,0,10
1976,1972,0,4
1314,1313,0,1
510,521,0,-11
1508,1518,0,-10
554,574,0,-20
1056,1065,0,-9
794,,,
1487,1487,0,0
1143,1214,0,-71
900,881,0,19
2666,2652,0,14
1047,1052,0,-5
1497,1513,0,-16
906,913,0,-7
1965,1945,0,20
3332,3305,0,27
280,281,0,-1
982,972,0,10
935,934,0,1
1848,1652,0,196
3258,3238,0,20
758,753,0,5
566,,,
443,465,0,-22
1401,1401,0,0
1338,1332,0,6
958,961,0,-3
743,713,0,30
1710,1704,0,6
2271,2252,0,19
851,854,0,-3
2109,2092,0,17
1489,473,0,1016
773,772,0,1
772,801,0,-29
608,607,0,1
446,441,0,5
2203,2201,0,2
793,798,0,-5
3522,3545,0,-23
1174,2193,0,-1019
921,932,0,-11
926,905,0,21
2245,2254,0,-9
1435,1441,0,-6
2291,2265,0,26
918,927,0,-9
2439,2454,0,-15
1013,972,0,41
829,824,0,5
540,544,0,-4
1955,,,
1036,1041,0,-5
436,,,
621,614,0,7
781,774,0,7
1004,998,0,6
2820,3025,0,-205
1117,1113,0,4
384,393,0,-9
2143,2163,0,-20
1562,,,
401,393,0,8
995,993,0,2
973,985,0,-12
1790,1785,0,5
395,407,0,-12
2090,2073,0,17
638,633,0,5
455,464,0,-9
336,332,0,4
1783,1801,0,-18
1686,1673,0,13
2637,2638,0,-1
1336,1321,0,15
953,961,0,-8
2878,2873,0,5
1235,1294,0,-59
1746,1758,0,-12
2223,2281,0,-58
1239,1238,0,1
309,313,0,-4
513,481,0,32
542,532,0,10
2651,2654,0,-3
1057,1047,0,10
190,2718,0,-2528
1001,961,0,40
1990,1945,0,45
1090,1104,0,-14
1697,1734,0,-37
603,607,0,-4
856,847,0,9
674,1774,0,-1100
1025,1024,0,1
2515,2454,0,61
3906,4054,0,-148
582,513,0,69
2259,2233,0,26
983,993,0,-10
1930,1945,0,-15
2530,2481,0,49
541,534,0,7
708,718,0,-10
790,793,0,-3
1344,1305,0,39
2269,2278,0,-9
738,732,0,6
2193,2185,0,8
1024,1024,0,0
2255,2252,0,3
1956,1985,0,-29
302,353,0,-51
3482,3465,0,17
734,713,0,21
2152,2172,0,-20
1306,1305,0,1
470,473,0,-3
1219,3374,0,-2155
733,732,0,1
945,3727,0,-2782
918,922,0,-4
460,401,0,59
2671,2652,0,19
1964,1945,0,19
2105,2094,0,11
171,162,0,9
1813,1825,0,-12
1057,1052,0,5
1854,2065,0,-211
932,921,0,11
746,,,
1285,1287,0,-2
525,521,0,4
873,852,0,21
2353,2353,0,0
1407,1398,0,9
1007,1012,0,-5
497,494,0,3
2532,2513,0,19
680,692,0,-12
2474,2465,0,9
1874,1887,0,-13
1393,1393,0,0
824,833,0,-9
1111,1127,0,-16
1137,1132,0,5
2015,2007,0,8
876,892,0,-16
3107,3094,0,13
1663,1673,0,-10
937,932,0,5
2929,2932,0,-3
682,687,0,-5
875,852,0,23
1475,1454,0,21
2565,2545,0,20
814,824,0,-10
974,974,0,0
3567,3545,0,22
1365,1401,0,-36
3066,3054,0,12
274,281,0,-7
948,934,0,14
455,452,0,3
774,793,0,-19
2082,2073,0,9
1365,1233,0,132
967,961,0,6
1656,1665,0,-9
3184,3145,0,39
1286,1281,0,5
701,704,0,-3
1533,1534,0,-1
248,238,0,10
927,913,0,14
1195,1185,0,10
393,433,0,-40
275,281,0,-6
483,492,0,-9
1406,1393,0,13
667,678,0,-11
660,652,0,8
1406,1414,0,-8
992,993,0,-1
1056,1073,0,-17
2501,2574,0,-73
1093,1073,0,20
1213,1233,0,-20
927,932,0,-5
815,812,0,3
1269,1233,0,36
676,673,0,3
2576,2572,0,4
683,694,0,-11
2644,2633,0,11
3417,3454,0,-37
1872,1852,0,20
1912,1918,0,-6
2621,2612,0,9
907,913,0,-6
3303,3281,0,22
1601,1598,0,3
1038,1038,0,0
3481,3465,0,16
1626,1633,0,-7
899,894,0,5
2602,2647,0,-45
1402,1814,0,-412
262,254,0,8
402,407,0,-5
501,544,0,-43
1354,1345,0,9
2233,2233,0,0
849,865,0,-16
2091,2073,0,18
3282,3254,0,28
1525,1545,0,-20
2104,2104,0,0
1192,1193,0,-1
1242,1292,0,-50
283,287,0,-4
188,184,0,4
2531,2521,0,10
2086,2065,0,21
2319,2321,0,-2
1241,1252,0,-11
659,665,0,-6
947,945,0,2
1209,1224,0,-15
576,572,0,4
295,294,0,1
2921,2905,0,16
2051,1985,0,66
2095,2132,0,-37
1311,1313,0,-2
927,961,0,-34
939,932,0,7
1396,1113,0,283
469,473,0,-4
426,447,0,-21
1456,1452,0,4
1285,1292,0,-7
2555,2532,0,23
373,393,0,-20
1128,1132,0,-4
1137,1153,0,-16
2115,2092,0,23
2129,2025,0,104
1051,1065,0,-14
520,521,0,-1
992,972,0,20
1345,1332,0,13
2768,2812,0,-44
1353,1345,0,8
1564,,,
748,745,0,3
1771,1753,0,18
2908,2905,0,3
859,865,0,-6
1527,1465,0,62
2241,2265,0,-24
3059,3087,0,-28
963,953,0,10
2557,2465,0,92
2976,2985,0,-9
1191,1193,0,-2
992,985,0,7
1466,1454,0,12
2205,2212,0,-7
1005,593,0,412
1652,1633,0,19
379,374,0,5
1005,972,0,33
399,264,0,135
240,247,0,-7
1400,1398,0,2
1970,1945,0,25
2950,2945,0,5
1203,1153,0,50
657,664,0,-7
182,184,0,-2
1599,1593,0,6
1880,2398,0,-518
1273,1393,0,-120
1099,1092,0,7
1147,1153,0,-6
928,944,0,-16
655,647,0,8
629,627,0,2
1221,1214,0,7
916,905,0,11
2418,2414,0,4
653,652,0,1
934,1007,0,-73
956,894,0,62
719,718,0,1
796,793,0,3
1140,1127,0,13
1773,1772,0,1
2015,2025,0,-10
1175,1145,0,30
3472,3494,0,-22
639,654,0,-15
3542,3534,0,8
932,921,0,11
2368,2374,0,-6
1177,1172,0,5
1957,2294,0,-337
997,985,0,12
1457,1393,0,64
1302,1393,0,-91
1111,1092,0,19
1370,1361,0,9
1786,1785,0,1
1205,1212,0,-7
863,878,0,-15
3258,3273,0,-15
293,292,0,1
777,772,0,5
791,812,0,-21
1588,1593,0,-5
1872,1878,0,-6
3545,3534,0,11
971,967,0,4
1282,1292,0,-10
1808,1812,0,-4
1503,1513,0,-10
949,945,0,4
2674,2652,0,22
1752,1734,0,18
3049,3025,0,24
1004,993,0,11
3444,3401,0,43
867,833,0,34
899,881,0,18
1541,1513,0,28
311,313,0,-2
1026,1052,0,-26
996,1012,0,-16
975,967,0,8
893,873,0,20
2358,2305,0,53
2004,2385,0,-381
1220,1225,0,-5
1211,1193,0,18
249,252,0,-3
477,481,0,-4
1966,1972,0,-6
921,932,0,-11
797,694,0,103
3091,3094,0,-3
2496,2521,0,-25
1832,1847,0,-15
1598,1574,0,24
2602,2612,0,-10
1197,1185,0,12
1107,1092,0,15
1393,1393,0,0
1168,1172,0,-4
1284,1287,0,-3
830,833,0,-3
1863,1852,0,11
978,998,0,-20
3598,3585,0,13
743,727,0,16
1365,1385,0,-20
298,278,0,20
677,673,0,4
1542,1532,0,10
1544,1574,0,-30
1020,1014,0,6
784,785,0,-1
2841,3105,0,-264
2434,2358,0,76
212,214,0,-2
1528,1518,0,10
482,492,0,-10
1705,1545,0,160
1737,1734,0,3
2384,2505,0,-121
1211,1207,0,4
1174,1161,0,13
1302,1305,0,-3
344,334,0,10
1826,1852,0,-26
250,254,0,-4
1486,1473,0,13
680,654,0,26
815,833,0,-18
1835,1812,0,23
1417,1433,0,-16
1056,1052,0,4
525,513,0,12
698,692,0,6
2164,2145,0,19
323,318,0,5
630,638,0,-8
438,424,0,14
2649,2654,0,-5
1135,1144,0,-9
2601,2694,0,-93
536,532,0,4
569,561,0,8
1633,1652,0,-19
759,4761,0,-4002
431,438,0,-7
834,841,0,-7
307,334,0,-27
1397,1465,0,-68
476,465,0,11
1067,1065,0,2
315,305,0,10
1239,1247,0,-8
1162,1158,0,4
1848,1825,0,23
2859,2865,0,-6
2717,2705,0,12
2707,2625,0,82
215,224,0,-9
1179,1184,0,-5
1124,1127,0,-3
913,904,0,9
936,934,0,2
381,492,0,-111
1279,1273,0,6
508,505,0,3
2374,2372,0,2
1504,1504,0,0
1396,1372,0,24
902,892,0,10
1033,732,0,301
2419,2374,0,45
693,705,0,-12
1002,1001,0,1
1143,1105,0,38
1140,1153,0,-13
1020,1073,0,-53
1659,1652,0,7
1126,1212,0,-86
1131,1134,0,-3
1325,1332,0,-7
1007,1132,0,-125
2721,2894,0,-173
1091,1094,0,-3
1191,1184,0,7
1881,1892,0,-11
410,401,0,9
1990,1993,0,-3
1620,1612,0,8
700,692,0,8
1229,1225,0,4
718,713,0,5
623,624,0,-1
1859,1852,0,7
653,647,0,6
822,812,0,10
936,944,0,-8
928,841,0,87
1613,1505,0,108
617,633,0,-16
2120,2118,0,2
2084,2081,0,3
812,812,0,0
759,761,0,-2
1276,1225,0,51
1093,1081,0,12
1319,1304,0,15
1229,1212,0,17
1380,1367,0,13
1131,1132,0,-1
1670,1654,0,16
3362,3414,0,-52
932,944,0,-12
504,504,0,0
1396,1374,0,22
472,505,0,-33
3332,3265,0,67
492,494,0,-2
1049,1025,0,24
1970,1953,0,17
718,718,0,0
851,847,0,4
616,607,0,9
3437,3414,0,23
1373,1372,0,1
299,304,0,-5
1618,1625,0,-7
2376,2393,0,-17
1089,1025,0,64
1655,1665,0,-10
1508,1492,0,16
1871,2318,0,-447
1444,1401,0,43
1176,1174,0,2
3562,3607,0,-45
1178,1174,0,4
866,864,0,2
934,934,0,0
1860,1852,0,8
881,945,0,-64
561,553,0,8
932,934,0,-2
2265,2252,0,13
1977,1974,0,3
529,5393,0,-4864
1370,1372,0,-2
326,305,0,21
665,3784,0,-3119
1973,1958,0,15
701,692,0,9
1713,1713,0,0
1045,1047,0,-2
870,864,0,6
2086,2065,0,21
756,772,0,-16
1645,1652,0,-7
1458,1452,0,6
934,932,0,2
1684,,,
1887,1892,0,-5
1473,1478,0,-5
288,438,0,-150
1604,1593,0,11
3041,3043,0,-2
1478,1561,0,-83
1133,1132,0,1
1524,1513,0,11
1609,1612,0,-3
794,793,0,1
1171,1254,0,-83
1529,1532,0,-3
980,1087,0,-107
1180,1172,0,8
1070,1052,0,18
516,505,0,11
605,601,0,4
1842,1868,0,-26
980,972,0,8
1180,1172,0,8
703,692,0,11
2318,2334,0,-16
1265,1265,0,0
1064,1052,0,12
1282,1214,0,68
1690,1692,0,-2
1855,1913,0,-58
1370,1367,0,3
921,932,0,-11
601,465,0,136
2351,2332,0,19
2640,2814,0,-174
569,567,0,2
1164,1145,0,19
1524,1518,0,6
1513,5633,0,-4120
745,732,0,13
897,892,0,5
1404,1401,0,3
660,273,0,387
3081,3087,0,-6
1349,1385,0,-36
1265,1254,0,11
860,854,0,6
1647,1614,0,33
1615,1612,0,3
905,904,0,1
1090,1121,0,-31
555,561,0,-6
769,753,0,16
2160,2092,0,68
1656,1633,0,23
2016,2012,0,4
199,254,0,-55
1073,1065,0,8
847,865,0,-18
891,873,0,18
517,433,0,84
989,1033,0,-44
520,5292,0,-4772
1996,2025,0,-29
634,633,0,1
1680,1692,0,-12
3323,3321,0,2
1369,1353,0,16
1203,1225,0,-22
814,812,0,2
807,801,0,6
2450,2452,0,-2
1381,1385,0,-4
482,487,0,-5
2364,2372,0,-8
809,812,0,-3
839,2814,0,-1975
1421,1414,0,7
419,424,0,-5
2070,2073,0,-3
1801,1793,0,8
1303,1313,0,-10
370,344,0,26
1059,1064,0,-5
3145,3185,0,-40
1231,1238,0,-7
1869,1865,0,4
951,944,0,7
1881,1905,0,-24
1726,1732,0,-6
1202,1207,0,-5
690,681,0,9
1359,1374,0,-15
1564,1553,0,11
733,732,0,1
816,838,0,-22
892,892,0,0
2288,2273,0,15
828,892,0,-64
654,654,0,0
1283,1273,0,10
2025,2025,0,0
1595,1601,0,-6
1233,1225,0,8
785,774,0,11
799,814,0,-15
1278,1265,0,13
2810,2801,0,9
1651,1705,0,-54
995,1001,0,-6
872,878,0,-6
374,372,0,2
1214,1207,0,7
275,278,0,-3
845,847,0,-2
1990,2007,0,-17
1594,1593,0,1
1398,1407,0,-9
609,625,0,-16
1411,1412,0,-1
916,833,0,83
1226,1254,0,-28
1281,1287,0,-6
2855,2847,0,8
1272,1278,0,-6
1079,1174,0,-95
1153,1158,0,-5
757,761,0,-4
1313,1372,0,-59
799,785,0,14
707,704,0,3
341,344,0,-3
1713,1748,0,-35
2928,2865,0,63
800,798,0,2
952,944,0,8
3363,3385,0,-22
1848,1852,0,-4
1088,1087,0,1
825,812,0,13
847,852,0,-5
956,953,0,3
1603,1585,0,18
501,504,0,-3
1137,1144,0,-7
1788,1772,0,16
2153,2145,0,8
779,772,0,7
2385,2372,0,13
2203,2172,0,31
1392,1385,0,7
990,972,0,18
445,647,0,-202
2118,2123,0,-5
417,412,0,5
1188,1185,0,3
875,953,0,-78
470,467,0,3
2921,2961,0,-40
1594,1561,0,33
651,647,0,4
3520,,,
1144,1132,0,12
2929,2921,0,8
352,361,0,-9
255,264,0,-9
638,641,0,-3
784,,,
2622,2572,0,50
876,918,0,-42
515,522,0,-7
1584,1572,0,12
1506,1513,0,-7
3058,3252,0,-194
1639,1585,0,54
1750,1745,0,5
1179,1172,0,7
781,759,0,22
1950,1945,0,5
528,561,0,-33
1831,1825,0,6
3185,3185,0,0
4003,4001,0,2
285,281,0,4
258,374,0,-116
2524,2892,0,-368
552,545,0,7
470,473,0,-3
2669,2641,0,28
1429,1433,0,-4
909,854,0,55
1109,1134,0,-25
940,944,0,-4
477,454,0,23
1571,1572,0,-1
2931,2825,0,106
659,673,0,-14
285,287,0,-2
639,627,0,12
2278,2292,0,-14
761,2561,0,-1800
734,732,0,2
1886,1852,0,34
1652,1652,0,0
1752,1772,0,-20
998,1001,0,-3
1318,1313,0,5
1323,1332,0,-9
2016,2012,0,4
2087,2065,0,22
482,473,0,9
1943,2238,0,-295
2892,2905,0,-13
2026,2012,0,14
2211,2225,0,-14
821,824,0,-3
1353,1332,0,21
1007,1024,0,-17
1673,1681,0,-8
975,972,0,3
3011,2932,0,79
2202,2174,0,28
822,824,0,-2
843,833,0,10
981,345,0,636
1102,1094,0,8
1421,1398,0,23
1965,1985,0,-20
731,825,0,-94
2540,2505,0,35
2698,2678,0,20
1141,1134,0,7
2760,2745,0,15
713,761,0,-48
1316,1313,0,3
1093,1073,0,20
2495,2553,0,-58
2439,2438,0,1
1456,1452,0,4
172,162,0,10
3103,3105,0,-2
472,482,0,-10
984,962,0,22
949,913,0,36
1878,1745,0,133
758,734,0,24
2252,2273,0,-21
1031,1038,0,-7
1138,1134,0,4
1326,1332,0,-6
1583,1585,0,-2
1130,1105,0,25
397,401,0,-4
2431,2283,0,148
734,734,0,0
2860,2841,0,19
367,345,0,22
877,882,0,-5
2073,2078,0,-5
608,612,0,-4
2188,2201,0,-13
877,878,0,-1
946,934,0,12
989,985,0,4
1770,1753,0,17
951,944,0,7
388,398,0,-10
3259,3185,0,74
1955,1974,0,-19
309,304,0,5
1483,1505,0,-22
2375,2393,0,-18
1054,1052,0,2
1701,1694,0,7
1498,1505,0,-7
2287,2278,0,9
497,487,0,10
1893,1905,0,-12
798,793,0,5
441,441,0,0
540,534,0,6
419,425,0,-6
1631,1614,0,17
648,718,0,-70
867,847,0,20
2921,2945,0,-24
1260,1254,0,6
1682,1788,0,-106
743,692,0,51
1265,1254,0,11
2782,2772,0,10
2530,2527,0,3
2320,2374,0,-54
964,953,0,11
1126,1127,0,-1
2705,2745,0,-40
948,4772,0,-3824
695,694,0,1
2763,2713,0,50
488,487,0,1
2828,2918,0,-90
1323,1332,0,-9
641,633,0,8
1033,1033,0,0
450,465,0,-15
667,670,0,-3
1551,1532,0,19
518,513,0,5
818,812,0,6
721,732,0,-11
2592,2593,0,-1
953,953,0,0
930,932,0,-2
1500,1492,0,8
1505,1452,0,53
962,962,0,0
1804,1812,0,-8
1967,1934,0,33
1707,1694,0,13
1169,1172,0,-3
228,,,
3262,3145,0,117
2050,2007,0,43
1165,1167,0,-2
2421,2407,0,14
1016,1012,0,4
2801,2785,0,16
1361,1345,0,16
902,892,0,10
832,812,0,20
1451,1452,0,-1
1226,1224,0,2
944,4252,0,-3308
886,878,0,8
1080,1073,0,7
1484,1473,0,11
614,561,0,53
1918,1905,0,13
2141,2185,0,-44
982,984,0,-2
646,641,0,5
884,878,0,6
2788,2772,0,16
1448,1452,0,-4
846,785,0,61
2776,2745,0,31
1421,1412,0,9
1053,1073,0,-20
1497,1492,0,5
1511,1513,0,-2
595,601,0,-6
2109,2127,0,-18
1074,1092,0,-18
1724,1721,0,3
2576,2534,0,42
1203,1174,0,29
1372,1372,0,0
603,598,0,5
1178,1172,0,6
2934,2945,0,-11
1243,1225,0,18
988,985,0,3
2334,2332,0,2
2821,2673,0,148
2311,2321,0,-10
1732,1732,0,0
1069,1073,0,-4
1496,,,
571,574,0,-3
961,953,0,8
1183,1134,0,49
1314,1305,0,9
759,745,0,14
1237,1241,0,-4
2422,2441,0,-19
618,614,0,4
1800,1812,0,-12
357,361,0,-4
1731,1732,0,-1
1845,1865,0,-20
621,4332,0,-3711
1002,1007,0,-5
865,864,0,1
2282,2132,0,150
397,3761,0,-3364
1912,1927,0,-15
1930,2038,0,-108
1421,1425,0,-4
1808,1801,0,7
1077,1065,0,12
1382,1372,0,10
1046,1041,0,5
808,807,0,1
3277,3281,0,-4
1979,1998,0,-19
3207,3265,0,-58
1412,1425,0,-13
1234,1214,0,20
2956,2961,0,-5
405,412,0,-7
1100,2553,0,-1453
1339,1332,0,7
2220,2225,0,-5
1564,1585,0,-21
1506,1513,0,-7
1079,1087,0,-8
888,892,0,-4
1948,1761,0,187
1660,1665,0,-5
770,767,0,3
2841,2873,0,-32
546,544,0,2
805,814,0,-9
962,958,0,4
1447,1452,0,-5
919,905,0,14
339,353,0,-14
2974,2993,0,-19
883,873,0,10
642,625,0,17
3076,3281,0,-205
900,1025,0,-125
2573,2545,0,28
658,654,0,4
1027,892,0,135
794,793,0,1
1903,1892,0,11
2003,1993,0,10
1589,1585,0,4
1293,1287,0,6
1630,1553,0,77
1655,1641,0,14
600,607,0,-7
988,972,0,16
956,972,0,-16
1132,2464,0,-1332
2837,2772,0,65
374,384,0,-10
3019,3054,0,-35
1757,1767,0,-10
3512,3641,0,-129
735,744,0,-9
1064,1064,0,0
2192,2201,0,-9
1284,1273,0,11
1277,2585,0,-1308
218,225,0,-7
1279,1292,0,-13
1108,1113,0,-5
664,654,0,10
1212,1214,0,-2
1224,1212,0,12
656,652,0,4
1612,1625,0,-13
1236,1225,0,11
879,881,0,-2
383,385,0,-2
1216,1214,0,2
1097,1092,0,5
939,932,0,7
653,654,0,-1
2417,2452,0,-35
699,694,0,5
526,521,0,5
1035,1014,0,21
2997,2961,0,36
1391,1372,0,19
3318,3305,0,13
1364,1372,0,-8
1759,1785,0,-26
396,385,0,11
1000,1007,0,-7
1232,1212,0,20
1166,1153,0,13
2326,2305,0,21
543,1772,0,-1229
2152,2233,0,-81
1525,1412,0,113
3165,3585,0,-420
702,705,0,-3
1128,1145,0,-17
1391,1407,0,-16
1155,1294,0,-139
1339,4374,0,-3035
1757,1732,0,25
761,758,0,3
3118,3127,0,-9
1252,1273,0,-21
916,913,0,3
636,654,0,-18
621,641,0,-20
1103,1107,0,-4
247,313,0,-66
3071,3073,0,-2
1899,1905,0,-6
1050,1054,0,-4
1414,1412,0,2
822,833,0,-11
323,313,0,10
2456,2441,0,15
669,673,0,-4
1862,1854,0,8
1642,1652,0,-10
2035,2047,0,-12
2301,2305,0,-4
1255,1247,0,8
1989,2012,0,-23
1444,1452,0,-8
1297,1254,0,43
678,704,0,-26
1823,1812,0,11
1297,1292,0,5
1539,1513,0,26
495,492,0,3
1819,1825,0,-6
1253,1265,0,-12
978,972,0,6
941,1052,0,-111
2866,2873,0,-7
1067,5064,0,-3997
1096,1073,0,23
2020,2012,0,8
1193,1167,0,26
514,513,0,1
1062,1064,0,-2
760,772,0,-12
1787,1785,0,2
3010,3025,0,-15
1631,1625,0,6
926,932,0,-6
820,824,0,-4
481,465,0,16
1834,1825,0,9
2325,2265,0,60
1488,1487,0,1
922,913,0,9
1231,1233,0,-2
1000,998,0,2
1115,1113,0,2
1284,1292,0,-8
2167,2153,0,14
859,864,0,-5
891,892,0,-1
1726,1734,0,-8
2876,2894,0,-18
2693,2705,0,-12
1658,1652,0,6
591,584,0,7
1109,1127,0,-18
980,972,0,8
1289,1414,0,-125
2679,2681,0,-2
2360,2414,0,-54
643,633,0,10
586,574,0,12
682,704,0,-22
2877,2905,0,-28
1393,3534,0,-2141
744,734,0,10
1625,1508,0,117
927,958,0,-31
727,721,0,6
1188,1193,0,-5
1055,1038,0,17
853,833,0,20
3167,3153,0,14
445,465,0,-20
934,953,0,-19
598,593,0,5
945,932,0,13
1707,1694,0,13
988,993,0,-5
1287,1265,0,22
261,267,0,-6
866,865,0,1
807,801,0,6
1227,1225,0,2
2425,5425,0,-3000
1314,1305,0,9
1894,1892,0,2
428,424,0,4
650,652,0,-2
1275,1865,0,-590
1034,1042,0,-8
869,878,0,-9
2697,2713,0,-16
2553,2561,0,-8
974,972,0,2
1088,1094,0,-6
1315,1305,0,10
2381,2385,0,-4
2247,2247,0,0
3578,3574,0,4
2018,2012,0,6
793,793,0,0
1955,1953,0,2
1505,1494,0,11
399,401,0,-2
2693,2692,0,1
1438,1433,0,5
1611,1598,0,13
552,553,0,-1
2664,2665,0,-1
1049,1038,0,11
1354,1372,0,-18
834,865,0,-31
1443,1441,0,2
1437,1441,0,-4
807,3153,0,-2346
583,572,0,11
1019,1012,0,7
2151,2225,0,-74
966,945,0,21
815,838,0,-23
594,601,0,-7
1423,1412,0,11
3070,3092,0,-22
2953,2945,0,8
2599,2585,0,14
385,402,0,-17
2070,2065,0,5
877,,,
1422,,,
688,692,0,-4
389,384,0,5
658,625,0,33
3089,3185,0,-96
1136,1132,0,4
2738,2721,0,17
1045,1305,0,-260
1158,4130,0,-2972
306,304,0,2
662,614,0,48
2626,2641,0,-15
1950,1945,0,5
1903,1932,0,-29
3653,3974,0,-321
888,892,0,-4
2447,2428,0,19
2180,2161,0,19
3550,3545,0,5
1533,1532,0,1
1965,5225,0,-3260
2165,2132,0,33
998,1033,0,-35
650,652,0,-2
1146,1145,0,1
2018,1993,0,25
1521,,,
640,638,0,2
845,4134,0,-3289
455,452,0,3
890,985,0,-95
985,984,0,1
366,374,0,-8
1833,1833,0,0
2370,2345,0,25
400,441,0,-41
939,958,0,-19
707,707,0,0
1264,1265,0,-1
1079,1065,0,14
1159,1153,0,6
1976,1953,0,23
838,852,0,-14
1881,1892,0,-11
1237,1241,0,-4
1153,1145,0,8
2666,2641,0,25
2883,5282,0,-2399
969,972,0,-3
1905,1865,0,40
1268,1281,0,-13
2359,2345,0,14
1740,1745,0,-5
666,601,0,65
806,801,0,5
2753,2745,0,8
1785,3233,0,-1448
979,972,0,7
1165,1158,0,7
1309,1305,0,4
1672,1673,0,-1
1285,1345,0,-60
998,993,0,5
413,414,0,-1
915,905,0,10
1579,1572,0,7
2199,2201,0,-2
610,612,0,-2
1609,1614,0,-5
1058,1064,0,-6
1851,1785,0,66
2020,2052,0,-32
512,504,0,8
1641,1652,0,-11
1450,1478,0,-28
1643,1652,0,-9
2184,2598,0,-414
800,798,0,2
994,1193,0,-199
1099,1092,0,7
701,704,0,-3
1539,1401,0,138
2642,2633,0,9
562,558,0,4
1931,1921,0,10
1934,1932,0,2
743,732,0,11
1725,1732,0,-7
312,304,0,8
2983,2974,0,9
2290,2241,0,49
419,414,0,5
1238,1224,0,14
1175,,,
1960,1945,0,15
1437,1447,0,-10
859,864,0,-5
836,852,0,-16
3068,2825,0,243
691,654,0,37
916,1132,0,-216
1387,1414,0,-27
853,852,0,1
1724,1705,0,19
485,473,0,12
1198,1198,0,0
3076,3121,0,-45
942,932,0,10
2061,2041,0,20
2131,2113,0,18
1135,1132,0,3
3519,3505,0,14
714,721,0,-7
2771,2772,0,-1
740,745,0,-5
2343,2442,0,-99
1598,1441,0,157
2591,2563,0,28
627,4092,0,-3465
1618,1601,0,17
701,694,0,7
1527,1454,0,73
1794,1745,0,49
1119,1118,0,1
984,974,0,10
1517,1513,0,4
911,894,0,17
594,585,0,9
545,532,0,13
397,385,0,12
993,1027,0,-34
1645,1641,0,4
499,492,0,7
641,633,0,8
739,3305,0,-2566
1356,1358,0,-2
541,544,0,-3
1274,1265,0,9
2845,2825,0,20
924,1273,0,-349
1559,1553,0,6
818,812,0,6
835,812,0,23
643,614,0,29
487,487,0,0
849,1025,0,-176
711,694,0,17
684,687,0,-3
3640,3854,0,-214
1063,1065,0,-2
3081,3078,0,3
1545,1545,0,0
549,558,0,-9
1993,2001,0,-8
1956,1945,0,11
2111,,,
732,732,0,0
1016,1001,0,15
333,332,0,1
1054,1047,0,7
1494,1492,0,2
1694,1692,0,2
925,913,0,12
2796,2807,0,-11
1432,1414,0,18
670,654,0,16
3334,3358,0,-24
552,558,0,-6
426,424,0,2
998,998,0,0
718,732,0,-14
208,201,0,7
2625,2625,0,0
347,1654,0,-1307
970,972,0,-2
1955,1953,0,2
960,972,0,-12
1330,1345,0,-15
956,1073,0,-117
2161,2073,0,88
930,913,0,17
607,607,0,0
946,967,0,-21
899,892,0,7
1952,1932,0,20
547,545,0,2
685,713,0,-28
906,932,0,-26
1221,1193,0,28
1785,1772,0,13
1429,1425,0,4
1453,1473,0,-20
3009,3014,0,-5
1548,1534,0,14
1132,1113,0,19
2238,2252,0,-14
1702,1678,0,24
642,633,0,9
995,985,0,10
851,854,0,-3
1178,1161,0,17
2370,2361,0,9
653,654,0,-1
459,452,0,7
3371,3385,0,-14
655,652,0,3
849,852,0,-3
462,454,0,8
298,294,0,4
1029,1038,0,-9
1188,1134,0,54
2642,2614,0,28
1227,1225,0,2
1149,1238,0,-89
361,358,0,3
811,807,0,4
1049,1038,0,11
1791,1772,0,19
1202,1185,0,17
2426,2393,0,33
1956,1883,0,73
3285,3294,0,-9
1064,1052,0,12
2760,2665,0,95
1029,1041,0,-12
311,321,0,-10
566,561,0,5
404,424,0,-20
654,652,0,2
2884,2993,0,-109
1578,2073,0,-495
1356,1294,0,62
1601,1572,0,29
814,833,0,-19
670,667,0,3
1500,1494,0,6
555,633,0,-78
570,567,0,3
1063,1052,0,11
956,934,0,22
1202,1214,0,-12
371,372,0,-1
870,864,0,6
625,598,0,27
1195,1172,0,23
1678,1665,0,13
419,412,0,7
1058,1052,0,6
1339,1332,0,7
2356,2385,0,-29
805,812,0,-7
633,692,0,-59
753,864,0,-111
1183,1193,0,-10
1444,1433,0,11
1445,1574,0,-129
1605,1612,0,-7
726,734,0,-8
1697,1681,0,16
2857,2852,0,5
1719,1585,0,134
1273,1265,0,8
1650,1647,0,3
672,665,0,7
754,761,0,-7
1317,1305,0,12
972,972,0,0
953,1064,0,-111
718,732,0,-14
2694,2687,0,7
901,905,0,-4
502,494,0,8
1090,1073,0,17
719,732,0,-13
877,873,0,4
1973,1972,0,1
1823,1825,0,-2
945,934,0,11
577,572,0,5
1065,1054,0,11
2453,,,
533,545,0,-12
2111,2105,0,6
1729,1718,0,11
2309,2292,0,17
1656,1633,0,23
970,,,
1988,1993,0,-5
1191,953,0,238
1141,1132,0,9
546,544,0,2
251,252,0,-1
941,944,0,-3
1674,4193,0,-2519
585,585,0,0
777,784,0,-7
616,585,0,31
922,932,0,-10
340,332,0,8
896,772,0,124
1878,1873,0,5
1303,1305,0,-2
507,494,0,13
853,852,0,1
1432,1407,0,25
1671,1665,0,6
1218,1185,0,33
1318,1321,0,-3
1878,1852,0,26
433,441,0,-8
645,652,0,-7
948,4678,0,-3730
611,638,0,-27
1121,1134,0,-13
2025,2052,0,-27
2882,2873,0,9
779,774,0,5
2385,2345,0,40
1545,,,
799,793,0,6
197,345,0,-148
1980,1961,0,19
1040,1047,0,-7
959,932,0,27
1486,1454,0,32
2331,2318,0,13
1918,1921,0,-3
909,913,0,-4
1105,1104,0,1
3140,3105,0,35
1058,1132,0,-74
992,993,0,-1
2458,2452,0,6
1359,1372,0,-13
548,534,0,14
3334,3323,0,11
710,687,0,23
2466,2454,0,12
1289,,,
937,934,0,3
1748,1785,0,-37
1039,1052,0,-13
1372,1372,0,0
1057,1065,0,-8
1704,1654,0,50
2893,2921,0,-28
333,332,0,1
865,868,0,-3
1382,1385,0,-3
846,753,0,93
1266,1273,0,-7
699,704,0,-5
1278,1292,0,-14
2657,2585,0,72
2799,2812,0,-13
1117,1092,0,25
820,793,0,27
970,998,0,-28
2690,2705,0,-15
847,918,0,-71
978,972,0,6
588,593,0,-5
626,614,0,12
1046,1052,0,-6
471,468,0,3
929,932,0,-3
1543,1558,0,-15
1519,3865,0,-2346
1011,1012,0,-1
1393,1372,0,21
471,465,0,6
2262,2252,0,10
1496,1505,0,-9
1476,1454,0,22
925,921,0,4
1104,1094,0,10
2287,2265,0,22
1192,1193,0,-1
3016,3025,0,-9
2982,2985,0,-3
2350,2425,0,-75
3253,3265,0,-12
1180,1172,0,8
1649,1641,0,8
1415,1398,0,17
1284,1281,0,3
740,732,0,8
2685,2633,0,52
944,932,0,12
3109,3132,0,-23
719,713,0,6
780,753,0,27
479,481,0,-2
953,945,0,8
1134,1145,0,-11
1471,1313,0,158
646,641,0,5
1029,2073,0,-1044
2070,2065,0,5
895,904,0,-9
1397,1385,0,12
740,753,0,-13
2713,2607,0,106
1541,1534,0,7
511,513,0,-2
226,214,0,12
439,438,0,1
1203,1185,0,18
416,412,0,4
1041,1024,0,17
1035,1033,0,2
1411,1425,0,-14
925,926,0,-1
1547,1574,0,-27
560,561,0,-1
1580,1572,0,8
488,553,0,-65
974,1105,0,-131
702,694,0,8
1119,,,
2226,2233,0,-7
3199,3225,0,-26
2294,2265,0,29
944,972,0,-28
831,824,0,7
982,985,0,-3
1349,1353,0,-4
1858,1894,0,-36
753,767,0,-14
841,825,0,16
651,633,0,18
1710,1713,0,-3
1003,,,
1009,1052,0,-43
1348,1353,0,-5
2428,2505,0,-77
3182,3225,0,-43
1396,1385,0,11
1753,1745,0,8
962,913,0,49
420,414,0,6
2743,2745,0,-2
886,905,0,-19
576,,,
1199,1201,0,-2
617,612,0,5
365,361,0,4
1723,1721,0,2
2172,2167,0,5
291,313,0,-22
1373,1372,0,1
1382,1372,0,10
1998,1998,0,0
2501,2492,0,9
1026,1025,0,1
1166,1372,0,-206
1601,1601,0,0
542,727,0,-185
965,974,0,-9
1478,1464,0,14
451,441,0,10
2082,2113,0,-31
605,612,0,-7
703,705,0,-2
2397,2393,0,4
1038,1047,0,-9
852,852,0,0
901,713,0,188
1839,1847,0,-8
2868,2865,0,3
1136,1145,0,-9
1202,1185,0,17
2115,2113,0,2
251,265,0,-14
398,385,0,13
612,607,0,5
961,993,0,-32
1966,1972,0,-6
285,,,
1532,1545,0,-13
814,814,0,0
1564,1593,0,-29
1520,1505,0,15
2781,2814,0,-33
1099,1087,0,12
1260,1247,0,13
617,614,0,3
431,428,0,3
2175,2167,0,8
1413,1393,0,20
677,678,0,-1
1316,1294,0,22
426,424,0,2
2351,2385,0,-34
1557,1545,0,12
2459,2452,0,7
919,905,0,14
623,614,0,9
1443,1452,0,-9
1692,1473,0,219
686,727,0,-41
2811,2774,0,37
1529,1532,0,-3
1788,1785,0,3
2741,2745,0,-4
1383,1385,0,-2
2042,2033,0,9
1047,865,0,182
705,2001,0,-1296
1283,1287,0,-4
3341,3345,0,-4
1296,1294,0,2
1054,1064,0,-10
1527,1527,0,0
2825,2865,0,-40
966,972,0,-6
1356,1225,0,131
1917,1921,0,-4
1255,1252,0,3
1791,1798,0,-7
1755,1753,0,2
327,313,0,14
752,745,0,7
659,654,0,5
937,927,0,10
991,1934,0,-943
1433,2334,0,-901
374,393,0,-19
668,652,0,16
1038,984,0,54
1351,1372,0,-21
1003,1007,0,-4
1070,1073,0,-3
2856,2878,0,-22
2079,2065,0,14
920,913,0,7
834,814,0,20
1821,1492,0,329
865,892,0,-27
303,,,
1562,1598,0,-36
947,945,0,2
2401,2393,0,8
2957,3225,0,-268
1109,1094,0,15
1727,1718,0,9
2981,3012,0,-31
453,447,0,6
579,572,0,7
330,318,0,12
890,892,0,-2
1924,1905,0,19
863,865,0,-2
830,833,0,-3
2065,2081,0,-16
1666,1665,0,1
911,3854,0,-2943
907,1294,0,-387
987,993,0,-6
2184,2172,0,12
2163,2185,0,-22
1473,1492,0,-19
2010,2007,0,3
1071,1073,0,-2
1228,1233,0,-5
772,745,0,27
1189,1172,0,17
1173,1172,0,1
598,602,0,-4
352,2505,0,-2153
2923,3134,0,-211
748,732,0,16
1467,1452,0,15
1389,1393,0,-4
2394,2385,0,9
3791,3881,0,-90
461,454,0,7
901,892,0,9
729,774,0,-45
1148,,,
1358,1361,0,-3
704,694,0,10
635,638,0,-3
607,2574,0,-1967
1182,1172,0,10
945,934,0,11
776,784,0,-8
1013,1003,0,10
1045,1073,0,-28
760,772,0,-12
2626,2612,0,14
428,425,0,3
1377,1372,0,5
1941,1921,0,20
515,507,0,8
491,492,0,-1
1858,1852,0,6
2485,2465,0,20
1149,1145,0,4
1766,1753,0,13
2201,2193,0,8
898,2372,0,-1474
1190,1174,0,16
1318,1305,0,13
2163,2185,0,-22
1922,1905,0,17
1058,1052,0,6
385,384,0,1
1169,1172,0,-3
1225,1214,0,11
688,694,0,-6
2132,2185,0,-53
614,624,0,-10
2102,2145,0,-43
1170,3144,0,-1974
322,393,0,-71
1920,1825,0,95
373,372,0,1
2049,2172,0,-123
2502,2492,0,10
588,574,0,14
1755,1745,0,10
886,892,0,-6
1055,1052,0,3
2962,2974,0,-12
775,772,0,3
1311,1238,0,73
859,852,0,7
858,852,0,6
3311,3254,0,57
1856,1793,0,63
2036,1932,0,104
1046,993,0,53
1142,1145,0,-3
1318,1292,0,26
1642,1647,0,-5
1457,1492,0,-35
2461,2465,0,-4
2112,2105,0,7
1364,1361,0,3
1500,1492,0,8
1063,1052,0,11
2450,2385,0,65
1953,1953,0,0
1237,1238,0,-1
603,607,0,-4
535,532,0,3
985,984,0,1
1741,1753,0,-12
731,727,0,4
1097,1113,0,-16
1058,1047,0,11
1075,1073,0,2
553,544,0,9
697,704,0,-7
1797,1761,0,36
1955,1985,0,-30
1724,,,
885,967,0,-82
1304,1305,0,-1
1909,1945,0,-36
2916,2873,0,43
919,932,0,-13
1028,1025,0,3
1340,1134,0,206
1421,1398,0,23
4064,4065,0,-1
2267,2273,0,-6
880,882,0,-2
1286,1292,0,-6
1288,1305,0,-17
1075,1078,0,-3
877,873,0,4
1499,1452,0,47
1359,1353,0,6
1387,1374,0,13
502,574,0,-72
2117,2132,0,-15
1114,1118,0,-4
1558,1567,0,-9
1463,1454,0,9
1001,985,0,16
1699,1713,0,-14
2227,2225,0,2
1312,1292,0,20
604,607,0,-3
747,744,0,3
899,913,0,-14
710,692,0,18
3564,3513,0,51
2864,2865,0,-1
1265,1265,0,0
947,932,0,15
1462,1454,0,8
1035,1052,0,-17
1239,1233,0,6
1780,1812,0,-32
3379,3454,0,-75
1723,1633,0,90
2224,2233,0,-9
906,905,0,1
985,972,0,13
1086,1092,0,-6
1312,1318,0,-6
1169,1174,0,-5
1074,1047,0,27
2200,2233,0,-33
898,892,0,6
1367,1367,0,0
698,692,0,6
2755,2721,0,34
1565,1534,0,31
387,384,0,3
1107,1113,0,-6
1706,1692,0,14
773,767,0,6
1368,1393,0,-25
1170,1144,0,26
261,254,0,7
341,353,0,-12
555,553,0,2
1940,1932,0,8
635,624,0,11
1241,1247,0,-6
1231,1225,0,6
1430,1425,0,5
2558,2567,0,-9
869,878,0,-9
2013,1985,0,28
1202,1198,0,4
1033,1027,0,6
284,278,0,6
761,767,0,-6
3607,3612,0,-5
1856,1841,0,15
907,892,0,15
1012,1014,0,-2
3517,3553,0,-36
1180,1161,0,19
3077,3025,0,52
447,447,0,0
683,687,0,-4
883,865,0,18
1900,1905,0,-5
2830,2785,0,45
2641,2692,0,-51
2306,2313,0,-7
2640,2692,0,-52
694,692,0,2
2463,2465,0,-2
2196,2167,0,29
740,734,0,6
218,224,0,-6
786,784,0,2
700,704,0,-4
702,713,0,-11
633,633,0,0
1847,1852,0,-5
1257,1247,0,10
1526,1521,0,5
176,174,0,2
2646,2625,0,21
2637,2614,0,23
484,487,0,-3
352,334,0,18
461,454,0,7
477,467,0,10
989,974,0,15
2137,2105,0,32
1090,1007,0,83
896,894,0,2
1418,1425,0,-7
1411,1424,0,-13
1628,1614,0,14
445,513,0,-68
834,705,0,129
2403,2433,0,-30
1332,1332,0,0
2202,2193,0,9
970,934,0,36
745,3174,0,-2429
2415,2353,0,62
990,953,0,37
1152,1145,0,7
1684,1673,0,11
1032,1033,0,-1
1833,1841,0,-8
3001,3198,0,-197
1604,1607,0,-3
1029,1193,0,-164
2145,2145,0,0
2192,2198,0,-6
1961,1967,0,-6
1251,1252,0,-1
792,713,0,79
919,785,0,134
758,1744,0,-986
657,681,0,-24
1261,1265,0,-4
2080,2078,0,2
645,664,0,-19
1281,1265,0,16
1015,1025,0,-10
1178,1207,0,-29
964,961,0,3
619,624,0,-5
903,881,0,22
1127,1113,0,14
449,452,0,-3
566,593,0,-27
791,787,0,4
297,294,0,3
1963,1953,0,10
665,772,0,-107
1574,1567,0,7
1140,1144,0,-4
1246,1247,0,-1
895,881,0,14
1040,1052,0,-12
3047,2892,0,155
749,745,0,4
559,,,
1908,1905,0,3
1007,1054,0,-47
725,727,0,-2
1082,1064,0,18
675,894,0,-219
647,647,0,0
347,334,0,13
1315,1294,0,21
1028,2704,0,-1676
2533,2544,0,-11
1179,1185,0,-6
875,865,0,10
994,1001,0,-7
1520,1513,0,7
1776,1785,0,-9
1754,1767,0,-13
1081,1078,0,3
864,864,0,0
1217,1281,0,-64
791,784,0,7
1151,1144,0,7
556,385,0,171
1030,1038,0,-8
1040,1014,0,26
2258,2252,0,6
2444,2441,0,3
542,534,0,8
641,785,0,-144
956,958,0,-2
2294,2161,0,133
788,793,0,-5
748,761,0,-13
1298,1292,0,6
1777,1585,0,192
2395,2345,0,50
3375,3353,0,22
843,865,0,-22
1774,1772,0,2
886,887,0,-1
2925,2932,0,-7
1127,1132,0,-5
1181,1193,0,-12
1568,1545,0,23
628,633,0,-5
1092,1054,0,38
2181,2113,0,68
1930,1918,0,12
2882,2745,0,137
888,892,0,-4
853,865,0,-12
1642,1641,0,1
1512,1521,0,-9
1956,1953,0,3
1157,1201,0,-44
805,801,0,4
2083,2092,0,-9
595,584,0,11
1314,2153,0,-839
3669,3745,0,-76
847,833,0,14
1489,1487,0,2
941,934,0,7
564,561,0,3
632,624,0,8
3570,3574,0,-4
646,652,0,-6
636,624,0,12
1003,1012,0,-9
1321,1292,0,29
730,753,0,-23
1325,1332,0,-7
1705,1727,0,-22
1194,1185,0,9
756,734,0,22
667,454,0,213
1186,1198,0,-12
516,2908,0,-2392
2925,3003,0,-78
2314,2287,0,27
1152,1145,0,7
1273,1287,0,-14
2390,,,
1184,1201,0,-17
1116,1198,0,-82
1503,1492,0,11
1609,1614,0,-5
324,321,0,3
631,612,0,19
697,612,0,85
1788,,,
1343,1332,0,11
932,1014,0,-82
2863,2865,0,-2
711,633,0,78
330,334,0,-4
819,784,0,35
1840,1812,0,28
1103,1104,0,-1
412,1574,0,-1162
713,753,0,-40
2116,2121,0,-5
1320,1332,0,-12
758,753,0,5
1305,1385,0,-80
1045,1052,0,-7
414,414,0,0
1239,1233,0,6
939,793,0,146
1122,1132,0,-10
3446,3452,0,-6
549,544,0,5
552,544,0,8
1355,1345,0,10
3237,3241,0,-4
1380,1372,0,8
925,927,0,-2
1125,1132,0,-7
923,854,0,69
1408,1393,0,15
1039,1041,0,-2
614,612,0,2
598,585,0,13
2244,2254,0,-10
1062,1092,0,-30
1241,1225,0,16
865,865,0,0
1406,1374,0,32
865,864,0,1
2255,2225,0,30
1315,1292,0,23
1058,1064,0,-6
1565,1553,0,12
1614,1612,0,2
618,607,0,11
1305,1313,0,-8
654,664,0,-10
1894,1873,0,21
849,847,0,2
1927,1812,0,115
896,905,0,-9
3684,,,
1250,1247,0,3
819,812,0,7
1242,1105,0,137
1632,1433,0,199
781,793,0,-12
1584,1572,0,12
3252,3243,0,9
554,558,0,-4
2024,2065,0,-41
1142,1145,0,-3
2195,2158,0,37
1973,1985,0,-12
270,273,0,-3
1257,1134,0,123
1691,1673,0,18
1082,1081,0,1
935,944,0,-9
1436,1454,0,-18
2105,2121,0,-16
1713,1753,0,-40
603,607,0,-4
1203,1207,0,-4
1055,1132,0,-77
2356,2398,0,-42
844,841,0,3
1224,4665,0,-3441
1076,1092,0,-16
1352,1374,0,-22
999,998,0,1
378,388,0,-10
942,932,0,10
2430,,,
692,692,0,0
1261,1252,0,9
3201,3345,0,-144
505,505,0,0
2673,2654,0,19
1051,1052,0,-1
1775,1785,0,-10
969,961,0,8
708,705,0,3
1813,1814,0,-1
1179,1193,0,-14
995,1012,0,-17
1291,1294,0,-3
783,865,0,-82
1127,1118,0,9
1040,1033,0,7
1483,1473,0,10
1952,1953,0,-1
2762,2772,0,-10
1180,1193,0,-13
903,904,0,-1
1092,1092,0,0
902,894,0,8
3243,3233,0,10
306,304,0,2
1145,1145,0,0
1076,1073,0,3
1418,1393,0,25
809,878,0,-69
1232,1225,0,7
1032,1024,0,8
2093,2454,0,-361
642,638,0,4
2411,2414,0,-3
680,667,0,13
983,985,0,-2
1051,1052,0,-1
1039,1033,0,6
1189,1134,0,55
1410,1407,0,3
1047,1047,0,0
1148,1145,0,3
3146,3185,0,-39
817,807,0,10
1399,1385,0,14
1805,1473,0,332
1052,1047,0,5
1045,1047,0,-2
1737,1745,0,-8
1605,1585,0,20
1260,1254,0,6
923,932,0,-9
404,407,0,-3
577,572,0,5
1422,1465,0,-43
2249,2254,0,-5
2911,2833,0,78
1365,1321,0,44
1589,1572,0,17
1384,1393,0,-9
918,918,0,0
1165,1172,0,-7
1228,1265,0,-37
852,2353,0,-1501
777,847,0,-70
1119,1265,0,-146
685,678,0,7
1282,1287,0,-5
1062,1054,0,8
1499,1492,0,7
902,904,0,-2
2338,2372,0,-34
172,167,0,5
269,264,0,5
1089,1054,0,35
1720,1718,0,2
430,,,
2497,2481,0,16
639,614,0,25
1522,1513,0,9
1085,1081,0,4
1570,1558,0,12
1061,1073,0,-12
3309,3505,0,-196
1280,1292,0,-12
572,984,0,-412
828,824,0,4
2436,2401,0,35
2292,2292,0,0
964,961,0,3
223,233,0,-10
1198,1225,0,-27
1752,1734,0,18
1022,1012,0,10
1426,1425,0,1
2036,2038,0,-2
1614,1601,0,13
2769,2785,0,-16
2652,2574,0,78
864,852,0,12
1114,1113,0,1
2461,2465,0,-4
1832,1833,0,-1
829,833,0,-4
381,374,0,7
1390,1414,0,-24
1005,1007,0,-2
3039,3081,0,-42
2062,2001,0,61
2881,2865,0,16
1996,1993,0,3
928,913,0,15
1106,1127,0,-21
1450,1454,0,-4
250,254,0,-4
1288,1254,0,34
1298,1265,0,33
1585,1873,0,-288
757,734,0,23
1611,1572,0,39
2137,2145,0,-8
1562,1545,0,17
948,953,0,-5
2561,2534,0,27
423,425,0,-2
555,545,0,10
1359,1332,0,27
3227,3374,0,-147
847,1233,0,-386
1237,1241,0,-4
1848,,,
1912,1913,0,-1
1045,1041,0,4
1190,1185,0,5
1108,1104,0,4
1544,1545,0,-1
1259,1305,0,-46
1192,1184,0,8
2299,2265,0,34
1081,1092,0,-11
1775,1785,0,-10
985,998,0,-13
1093,1305,0,-212
472,504,0,-32
1721,1732,0,-11
735,734,0,1
2388,2374,0,14
1905,1961,0,-56
1572,1572,0,0
1249,1225,0,24
2086,2081,0,5
704,704,0,0
1121,1073,0,48
1609,1652,0,-43
868,774,0,94
485,473,0,12
1731,1732,0,-1
465,465,0,0
2186,2145,0,41
1137,1553,0,-416
1167,1172,0,-5
2891,2843,0,48
1968,1984,0,-16
1420,1433,0,-13
1064,1065,0,-1
4182,4388,0,-206
788,793,0,-5
2891,2892,0,-1
609,607,0,2
629,612,0,17
1419,1452,0,-33
1178,1184,0,-6
626,624,0,2
925,3921,0,-2996
889,1254,0,-365
516,518,0,-2
2225,2233,0,-8
2025,2052,0,-27
783,774,0,9
1022,1012,0,10
464,464,0,0
1077,1064,0,13
1433,1464,0,-31
679,665,0,14
2479,,,
552,574,0,-22
1417,1438,0,-21
1383,1374,0,9
1871,1865,0,6
605,607,0,-2
2516,2494,0,22
773,721,0,52
2465,2473,0,-8
2202,2184,0,18
1940,1945,0,-5
936,961,0,-25
1186,1172,0,14
3076,2974,0,102
1973,1972,0,1
481,532,0,-51
732,732,0,0
1083,1174,0,-91
1026,945,0,81
2157,2145,0,12
3578,3534,0,44
356,374,0,-18
1359,1353,0,6
352,358,0,-6
2355,2353,0,2
993,985,0,8
1977,1972,0,5
1095,1105,0,-10
559,553,0,6
1484,1487,0,-3
783,793,0,-10
774,767,0,7
551,547,0,4
1189,1185,0,4
3181,3214,0,-33
1589,1625,0,-36
1498,1481,0,17
1611,1625,0,-14
3245,3334,0,-89
1421,1425,0,-4
2958,2847,0,111
3598,3612,0,-14
895,892,0,3
1206,1153,0,53
496,494,0,2
901,905,0,-4
1727,1732,0,-5
1976,1953,0,23
2679,2692,0,-13
1998,1998,0,0
810,812,0,-2
983,985,0,-2
1473,1473,0,0
1103,1132,0,-29
2717,2745,0,-28
1366,1345,0,21
705,692,0,13
2750,2758,0,-8
1631,1638,0,-7
949,945,0,4
1419,1393,0,26
3049,3105,0,-56
557,553,0,4
686,681,0,5
1580,1585,0,-5
2727,2721,0,6
2552,2513,0,39
519,521,0,-2
731,732,0,-1
1339,1332,0,7
1482,1465,0,17
3491,3465,0,26
1623,1638,0,-15
1214,1193,0,21
2391,2374,0,17
2145,2065,0,80
1391,1481,0,-90
821,812,0,9
1905,1918,0,-13
652,652,0,0
629,652,0,-23
1376,1401,0,-25
2425,2425,0,0
2107,2118,0,-11
1509,1492,0,17
1440,1452,0,-12
926,904,0,22
3285,3287,0,-2
2404,2393,0,11
1062,1065,0,-3
1496,1492,0,4
418,424,0,-6
463,464,0,-1
1050,1065,0,-15
550,547,0,3
1130,1132,0,-2
2636,2633,0,3
823,814,0,9
2816,2825,0,-9
1028,1012,0,16
1119,825,0,294
515,513,0,2
1093,1094,0,-1
524,532,0,-8
2510,2513,0,-3
1926,1913,0,13
1648,1641,0,7
2017,2012,0,5
2713,2718,0,-5
2438,2425,0,13
528,518,0,10
1263,1292,0,-29
2300,2233,0,67
1126,1172,0,-46
1041,1038,0,3
914,921,0,-7
2298,2321,0,-23
1996,1993,0,3
491,481,0,10
1250,1252,0,-2
3230,3305,0,-75
2633,2612,0,21
937,1974,0,-1037
1003,985,0,18
503,534,0,-31
1211,1212,0,-1
951,944,0,7
710,713,0,-3
961,972,0,-11
863,867,0,-4
1879,1873,0,6
1371,1372,0,-1
1361,1353,0,8
1867,1865,0,2
350,2367,0,-2017
1224,1252,0,-28
3022,3025,0,-3
941,944,0,-3
721,718,0,3
940,945,0,-5
3678,,,
2108,2073,0,35
1168,1167,0,1
1257,1241,0,16
1660,1652,0,8
1289,1292,0,-3
1783,1785,0,-2
2888,2894,0,-6
1490,1492,0,-2
506,505,0,1
1666,1652,0,14
3620,3625,0,-5
1066,1052,0,14
1482,1254,0,228
947,934,0,13
1320,1305,0,15
489,492,0,-3
802,812,0,-10
848,847,0,1
2047,2025,0,22
953,945,0,8
534,1414,0,-880
708,704,0,4
1937,1934,0,3
760,745,0,15
719,721,0,-2
1231,1225,0,6
1150,1145,0,5
918,913,0,5
717,705,0,12
996,1001,0,-5
1997,1993,0,4
1704,1665,0,39
901,892,0,9
802,801,0,1
1421,1407,0,14
1579,1585,0,-6
1849,1865,0,-16
582,574,0,8
2394,2414,0,-20
784,784,0,0
1054,1052,0,2
1523,1492,0,31
1411,1401,0,10
862,852,0,10
1212,1207,0,5
816,812,0,4
1552,1561,0,-9
497,492,0,5
1319,1321,0,-2
2779,2825,0,-46
333,332,0,1
3073,3087,0,-14
1234,1247,0,-13
693,601,0,92
878,865,0,13
2623,2625,0,-2
1053,1054,0,-1
810,812,0,-2
1281,1313,0,-32
2260,2334,0,-74
1695,,,
1045,1041,0,4
1150,1145,0,5
1517,1527,0,-10
1627,1625,0,2
1600,1601,0,-1
989,993,0,-4
1140,1132,0,8
573,572,0,1
1129,1113,0,16
1415,1412,0,3
1912,1918,0,-6
684,681,0,3
1341,1225,0,116
915,918,0,-3
1674,1652,0,22
2262,2265,0,-3
1288,1281,0,7
1670,1681,0,-11
854,918,0,-64
1249,1252,0,-3
393,385,0,8
523,521,0,2
3282,3265,0,17
549,654,0,-105
1135,1167,0,-32
1140,1144,0,-4
1713,1732,0,-19
1286,1334,0,-48
1455,1433,0,22
2319,2313,0,6
1484,1492,0,-8
483,481,0,2
1774,1785,0,-11
1153,1132,0,21
1459,1473,0,-14
1111,1105,0,6
1351,1332,0,19
1223,1225,0,-2
1889,1892,0,-3
731,732,0,-1
1196,1193,0,3
546,513,0,33
1599,1734,0,-135
1354,1372,0,-18
1295,1287,0,8
894,882,0,12
893,892,0,1
912,934,0,-22
1053,993,0,60
2954,3025,0,-71
1587,1561,0,26
1865,1873,0,-8
2815,2785,0,30
1032,1033,0,-1
483,473,0,10
596,601,0,-5
1078,1073,0,5
523,521,0,2
1117,1132,0,-15
1340,1345,0,-5
1046,1041,0,5
644,641,0,3
591,593,0,-2
387,401,0,-14
467,574,0,-107
879,894,0,-15
1361,1358,0,3
1739,1254,0,485
1225,1241,0,-16
1228,1247,0,-19
1362,1345,0,17
1245,1224,0,21
2408,2412,0,-4
2433,2353,0,80
1241,1233,0,8
401,401,0,0
1518,1518,0,0
758,3907,0,-3149
989,993,0,-4
2276,2393,0,-117
1633,1633,0,0
1198,1172,0,26
3864,3905,0,-41
1842,1812,0,30
213,224,0,-11
642,641,0,1
746,747,0,-1
2131,2132,0,-1
350,358,0,-8
2409,2441,0,-32
1309,1265,0,44
2056,2052,0,4
961,967,0,-6
1535,1532,0,3
1067,1052,0,15
915,905,0,10
1378,1385,0,-7
585,574,0,11
1080,1081,0,-1
893,878,0,15
986,873,0,113
1373,1345,0,28
2358,2361,0,-3
1070,1073,0,-3
1938,1934,0,4
1414,1327,0,87
2210,2207,0,3
568,572,0,-4
1347,1345,0,2
1465,1452,0,13
1424,1401,0,23
1051,1052,0,-1
974,,,
1344,1265,0,79
990,998,0,-8
496,393,0,103
1178,1184,0,-6
427,438,0,-11
1433,1425,0,8
1100,1433,0,-333
1120,1127,0,-7
3437,3433,0,4
2885,2887,0,-2
2952,2967,0,-15
1510,1505,0,5
895,904,0,-9
1929,1918,0,11
3259,3252,0,7
1268,1345,0,-77
3445,,,
1078,1092,0,-14
3402,3425,0,-23
1352,1345,0,7
1466,1452,0,14
2680,2532,0,148
783,774,0,9
582,593,0,-11
1189,1185,0,4
774,774,0,0
3636,3612,0,24
467,473,0,-6
2507,2532,0,-25
1487,1505,0,-18
1463,1452,0,11
232,233,0,-1
969,974,0,-5
1449,1433,0,16
793,807,0,-14
1463,1447,0,16
2502,2521,0,-19
789,784,0,5
1146,1132,0,14
1854,1852,0,2
2955,2905,0,50
1469,,,
547,567,0,-20
1076,1094,0,-18
1410,1401,0,9
2607,2614,0,-7
2461,2505,0,-44
2244,2233,0,11
996,985,0,11
2313,2313,0,0
919,934,0,-15
1754,1713,0,41
1759,1785,0,-26
2348,2345,0,3
2068,2052,0,16
1844,1793,0,51
1312,1665,0,-353
1928,1932,0,-4
1811,1793,0,18
2238,2161,0,77
3067,3073,0,-6
2380,2372,0,8
973,3681,0,-2708
554,561,0,-7
960,854,0,106
1668,1652,0,16
1498,1513,0,-15
822,824,0,-2
347,358,0,-11
2329,2323,0,6
826,812,0,14
1027,3527,0,-2500
1489,1478,0,11
1659,1654,0,5
1974,1953,0,21
1991,2001,0,-10
1680,1665,0,15
1179,1225,0,-46
820,814,0,6
828,,,
1869,4494,0,-2625
937,918,0,19
821,814,0,7
762,734,0,28
1590,1585,0,5
1046,1033,0,13
1071,1078,0,-7
1594,1572,0,22
3229,3393,0,-164
3202,3214,0,-12
701,705,0,-4
2321,2332,0,-11
3203,3193,0,10
1308,4953,0,-3645
2897,3054,0,-157
2362,2372,0,-10
1007,1025,0,-18
1033,1033,0,0
1577,1561,0,16
656,652,0,4
1088,1092,0,-4
1800,1812,0,-12
426,202,0,224
1867,1865,0,2
1520,,,
1133,1153,0,-20
203,,,
1395,1305,0,90
851,852,0,-1
806,812,0,-6
259,313,0,-54
562,572,0,-10
944,812,0,132
782,753,0,29
2895,2865,0,30
945,944,0,1
1890,1881,0,9
2124,2132,0,-8
655,652,0,3
529,504,0,25
1052,1047,0,5
1619,1625,0,-6
2354,2345,0,9
370,372,0,-2
609,612,0,-3
2453,,,
2573,2572,0,1
1223,1214,0,9
1099,1105,0,-6
952,1238,0,-286
1305,1292,0,13
2819,2841,0,-22
718,705,0,13
623,633,0,-10
2038,2038,0,0
1867,1865,0,2
1352,1353,0,-1
754,745,0,9
1657,1665,0,-8
323,334,0,-11
885,881,0,4
1122,1113,0,9
1051,1054,0,-3
1702,1692,0,10
1028,1047,0,-19
571,572,0,-1
1987,1985,0,2
1954,1932,0,22
384,384,0,0
2253,2361,0,-108
903,905,0,-2
1089,1134,0,-45
1870,1865,0,5
1083,1094,0,-11
1424,1465,0,-41
1228,1225,0,3
1443,1438,0,5
1015,1038,0,-23
585,584,0,1
2758,3145,0,-387
1448,2025,0,-577
1031,1054,0,-23
1065,1073,0,-8
1143,1132,0,11
1000,1012,0,-12
2349,2332,0,17
2042,2052,0,-10
1426,1414,0,12
3392,3374,0,18
2607,2612,0,-5
2980,2934,0,46
1915,1913,0,2
2397,2454,0,-57
1357,1393,0,-36
1757,1772,0,-15
616,612,0,4
2856,2881,0,-25
1567,1601,0,-34
673,681,0,-8
2168,2092,0,76
693,692,0,1
2377,2407,0,-30
1042,1038,0,4
915,913,0,2
1733,1721,0,12
931,934,0,-3
2860,2993,0,-133
2432,2433,0,-1
1088,1105,0,-17
3415,3412,0,3
649,652,0,-3
896,873,0,23
3727,3718,0,9
726,734,0,-8
400,401,0,-1
966,972,0,-6
214,214,0,0
1325,1305,0,20
2444,3534,0,-1090
3151,3185,0,-34
269,267,0,2
1335,1332,0,3
2612,2601,0,11
1752,1772,0,-20
526,521,0,5
1237,1238,0,-1
2689,2665,0,24
1902,1905,0,-3
903,904,0,-1
1096,1092,0,4
687,3814,0,-3127
899,904,0,-5
1153,1145,0,8
1470,1433,0,37
2851,2825,0,26
3116,3094,0,22
1075,1065,0,10
1239,1233,0,6
973,972,0,1
3143,3121,0,22
1019,1047,0,-28
2234,2243,0,-9
2897,2705,0,192
2869,2825,0,44
1381,1372,0,9
638,652,0,-14
3040,5737,0,-2697
2077,2081,0,-4
889,913,0,-24
1243,1185,0,58
431,433,0,-2
805,5865,0,-5060
341,334,0,7
2108,5081,0,-2973
1281,1278,0,3
1420,1393,0,27
2575,2553,0,22
1409,1414,0,-5
1581,1561,0,20
1226,1225,0,1
2847,2785,0,62
1021,1033,0,-12
3104,3134,0,-30
979,1041,0,-62
1866,1865,0,1
1977,1972,0,5
2176,2185,0,-9
789,833,0,-44
3427,3425,0,2
3104,3081,0,23
1348,1321,0,27
1148,1134,0,14
587,601,0,-14
2337,2334,0,3
1293,1305,0,-12
1970,1974,0,-4
1303,1292,0,11
433,425,0,8
373,374,0,-1
2739,,,
404,401,0,3
753,761,0,-8
2668,2665,0,3
1434,1553,0,-119
1135,1113,0,22
2980,2985,0,-5
1229,1233,0,-4
974,967,0,7
604,593,0,11
893,585,0,308
2883,2852,0,31
699,694,0,5
470,464,0,6
1019,962,0,57
1017,1012,0,5
748,744,0,4
816,812,0,4
1420,1414,0,6
1148,,,
358,345,0,13
379,374,0,5
2831,2852,0,-21
983,984,0,-1
1827,1838,0,-11
2383,2478,0,-95
1669,1694,0,-25
2671,2665,0,6
1020,958,0,62
1072,1052,0,20
612,574,0,38
488,481,0,7
2748,2785,0,-37
904,894,0,10
2490,2494,0,-4
2127,2132,0,-5
2933,2932,0,1
1638,1625,0,13
1536,1505,0,31
1616,1593,0,23
1962,1958,0,4
416,412,0,4
528,532,0,-4
1240,1247,0,-7
1265,1305,0,-40
540,505,0,35
2868,2873,0,-5
1240,1247,0,-7
1095,1105,0,-10
1305,1294,0,11
949,934,0,15
409,412,0,-3
792,798,0,-6
818,814,0,4
318,321,0,-3
668,654,0,14
1235,1145,0,90
4760,4753,0,7
1939,1865,0,74
407,407,0,0
3210,3207,0,3
1962,1961,0,1
2176,2172,0,4
332,358,0,-26
576,584,0,-8
946,944,0,2
300,294,0,6
1304,1292,0,12
281,278,0,3
1088,1054,0,34
398,401,0,-3
1099,865,0,234
2114,2113,0,1
371,374,0,-3
1263,1273,0,-10
516,518,0,-2
2844,2873,0,-29
2110,2065,0,45
400,3222,0,-2822
2153,2145,0,8
1605,1353,0,252
786,772,0,14
257,252,0,5
946,972,0,-26
1574,1572,0,2
1038,1038,0,0
1015,1012,0,3
1041,1041,0,0
1059,1065,0,-6
389,393,0,-4
1466,1465,0,1
846,847,0,-1
1114,1094,0,20
682,814,0,-132
2494,2505,0,-11
2025,2025,0,0
1622,1625,0,-3
692,704,0,-12
732,713,0,19
3017,3012,0,5
1527,1532,0,-5
621,585,0,36
1980,2001,0,-21
1007,1017,0,-10
350,348,0,2
2785,2745,0,40
892,892,0,0
2340,2332,0,8
442,425,0,17
934,953,0,-19
334,327,0,7
1559,1558,0,1
1620,1665,0,-45
1104,1104,0,0
1167,1167,0,0
2528,2454,0,74
1285,1327,0,-42
1444,1172,0,272
665,654,0,11
1630,1638,0,-8
1741,1713,0,28
2405,2452,0,-47
1463,1092,0,371
1153,974,0,179
1036,1033,0,3
653,647,0,6
3408,3393,0,15
2602,2633,0,-31
3274,3252,0,22
729,732,0,-3
1985,1993,0,-8
1960,1961,0,-1
1005,974,0,31
2087,2092,0,-5
1522,1532,0,-10
1138,1145,0,-7
2526,2465,0,61
1122,1094,0,28
517,574,0,-57
482,478,0,4
403,401,0,2
1701,1673,0,28
2560,2534,0,26
1850,1732,0,118
842,833,0,9
747,758,0,-11
3362,3367,0,-5
389,385,0,4
599,598,0,1
2414,2265,0,149
883,878,0,5
2248,2332,0,-84
794,793,0,1
3098,3145,0,-47
1078,1052,0,26
2576,2558,0,18
1723,1732,0,-9
2257,2252,0,5
768,753,0,15
1483,1481,0,2
2209,2225,0,-16
1093,1134,0,-41
384,374,0,10
959,985,0,-26
1973,1985,0,-12
1016,974,0,42
1453,1452,0,1
3040,3007,0,33
467,473,0,-6
2525,2532,0,-7
902,892,0,10
1456,1452,0,4
273,281,0,-8
333,334,0,-1
1194,1172,0,22
784,785,0,-1
1446,1441,0,5
1461,1473,0,-12
1171,1161,0,10
733,744,0,-11
298,304,0,-6
1246,1233,0,13
593,585,0,8
1555,1545,0,10
523,1372,0,-849
961,961,0,0
908,913,0,-5
2143,2145,0,-2
1316,1327,0,-11
1380,1372,0,8
1585,1574,0,11
659,665,0,-6
692,692,0,0
779,784,0,-5
1873,1865,0,8
1718,1718,0,0
1081,1078,0,3
2288,2294,0,-6
1012,1012,0,0
641,652,0,-11
1890,1881,0,9
815,812,0,3
1347,1345,0,2
2367,2345,0,22
1236,1241,0,-5
2303,2113,0,190
1330,1332,0,-2
782,774,0,8
1253,1254,0,-1
652,652,0,0
904,934,0,-30
677,665,0,12
1591,1572,0,19
2067,2052,0,15
737,745,0,-8
833,3974,0,-3141
324,332,0,-8
1746,1727,0,19
950,953,0,-3
1396,1334,0,62
208,254,0,-46
2283,2305,0,-22
461,465,0,-4
528,558,0,-30
394,401,0,-7
2198,2185,0,13
1906,1905,0,1
2403,2414,0,-11
2015,2012,0,3
2188,,,
3036,3054,0,-18
1802,1825,0,-23
1278,1273,0,5
2137,2105,0,32
2080,5574,0,-3494
2260,2518,0,-258
2138,2145,0,-7
933,993,0,-60
2632,2652,0,-20
1149,1132,0,17
484,425,0,59
1509,1513,0,-4
421,412,0,9
732,,,
1730,1713,0,17
1113,1094,0,19
2026,2041,0,-15
2124,2134,0,-10
1729,1721,0,8
2406,2385,0,21
1092,1092,0,0
707,705,0,2
1340,1334,0,6
1226,1214,0,12
975,974,0,1
1793,1798,0,-5
1026,1025,0,1
1738,1774,0,-36
595,584,0,11
1498,1513,0,-15
1381,1372,0,9
1643,1638,0,5
1646,1638,0,8
196,233,0,-37
941,932,0,9
394,398,0,-4
1642,1652,0,-10
1295,1305,0,-10
1829,1825,0,4
2393,2385,0,8
778,,,
1591,1625,0,-34
1925,2041,0,-116
322,318,0,4
1458,1401,0,57
995,5372,0,-4377
1022,1014,0,8
2598,2614,0,-16
401,454,0,-53
1270,1334,0,-64
887,887,0,0
823,812,0,11
1078,993,0,85
1612,1598,0,14
1485,1492,0,-7
2789,2793,0,-4
1047,1033,0,14
1429,1414,0,15
677,682,0,-5
2441,2425,0,16
744,744,0,0
3540,3854,0,-314
2619,2601,0,18
1118,1104,0,14
1173,1172,0,1
211,225,0,-14
897,904,0,-7
1312,1313,0,-1
1439,1425,0,14
1185,1094,0,91
1180,1105,0,75
881,887,0,-6
1506,1513,0,-7
835,892,0,-57
1179,1345,0,-166
656,425,0,231
1592,1572,0,20
423,424,0,-1
378,393,0,-15
1230,1225,0,5
1675,1681,0,-6
1532,1545,0,-13
1027,1025,0,2
2000,2014,0,-14
1018,1024,0,-6
738,745,0,-7
708,1887,0,-1179
1146,1144,0,2
2775,2774,0,1
1888,1881,0,7
766,772,0,-6
504,505,0,-1
1917,1913,0,4
474,465,0,9
2781,2761,0,20
2179,2172,0,7
802,812,0,-10
870,865,0,5
2514,2513,0,1
890,892,0,-2
1101,1092,0,9
852,852,0,0
1921,1913,0,8
1244,1033,0,211
1358,1361,0,-3
1179,1172,0,7
1228,1225,0,3
954,945,0,9
1381,1385,0,-4
708,705,0,3
1595,1545,0,50
2238,2254,0,-16
3983,3953,0,30
403,401,0,2
1400,1473,0,-73
424,414,0,10
1675,1673,0,2
1128,1132,0,-4
984,972,0,12
1198,1225,0,-27
1122,1118,0,4
1087,1073,0,14
1366,1414,0,-48
1443,1447,0,-4
942,932,0,10
1392,1401,0,-9
1473,1492,0,-19
1330,1323,0,7
1378,1358,0,20
775,758,0,17
1777,1774,0,3
722,5812,0,-5090
1277,1265,0,12
806,812,0,-6
1471,1478,0,-7
789,788,0,1
1211,,,
3027,3033,0,-6
819,721,0,98
821,807,0,14
794,814,0,-20
1656,1673,0,-17
1312,1273,0,39
1130,1132,0,-2
1889,1865,0,24
2342,2334,0,8
1891,1881,0,10
2043,2041,0,2
1594,1332,0,262
1531,1527,0,4
489,481,0,8
2530,2545,0,-15
2672,2673,0,-1
1972,958,0,1014
1066,1104,0,-38
1065,1065,0,0
1444,1447,0,-3
1339,1332,0,7
2590,2534,0,56
1344,1313,0,31
860,865,0,-5
918,932,0,-14
1884,1873,0,11
1391,1393,0,-2
1282,1287,0,-5
940,905,0,35
2184,2161,0,23
608,614,0,-6
2000,1812,0,188
1346,1334,0,12
1208,1201,0,7
1265,1265,0,0
768,774,0,-6
1850,1852,0,-2
418,427,0,-9
780,772,0,8
623,612,0,11
1727,1745,0,-18
1164,1073,0,91
1136,1132,0,4
2026,2025,0,1
667,664,0,3
2231,2225,0,6
1853,1854,0,-1
1063,1064,0,-1
1380,1385,0,-5
3362,3353,0,9
3617,3625,0,-8
712,713,0,-1
694,694,0,0
1448,1452,0,-4
540,534,0,6
547,532,0,15
1450,1473,0,-23
1592,1574,0,18
1117,1145,0,-28
2692,2681,0,11
1063,1092,0,-29
1829,1833,0,-4
2720,2727,0,-7
771,785,0,-14
189,1918,0,-1729
999,1007,0,-8
1061,1073,0,-12
1694,1705,0,-11
2011,2001,0,10
505,504,0,1
1873,1852,0,21
1671,1601,0,70
1218,1212,0,6
1721,1713,0,8
3134,3105,0,29
1868,1812,0,56
401,2905,0,-2504
409,407,0,2
530,544,0,-14
490,504,0,-14
903,878,0,25
646,664,0,-18
1182,1172,0,10
1239,1247,0,-8
1657,1673,0,-16
617,612,0,5
1359,1345,0,14
812,814,0,-2
1496,1492,0,4
744,767,0,-23
882,887,0,-5
862,852,0,10
1600,1593,0,7
1892,1473,0,419
2257,2252,0,5
1571,1572,0,-1
1842,1785,0,57
2037,2033,0,4
1012,1001,0,11
606,633,0,-27
612,612,0,0
2589,2545,0,44
1155,1134,0,21
1463,1454,0,9
306,304,0,2
806,812,0,-6
905,921,0,-16
1175,1172,0,3
658,647,0,11
589,593,0,-4
784,793,0,-9
892,892,0,0
3089,3092,0,-3
381,374,0,7
919,927,0,-8
1948,1961,0,-13
2089,2065,0,24
1005,1012,0,-7
1230,1233,0,-3
667,2892,0,-2225
1689,1687,0,2
1994,2012,0,-18
1456,2134,0,-678
1574,2054,0,-480
714,718,0,-4
1226,1233,0,-7
1353,1334,0,19
2948,2945,0,3
1489,1505,0,-16
1232,1233,0,-1
696,692,0,4
1208,1312,0,-104
1762,1772,0,-10
1039,1041,0,-2
1061,1052,0,9
537,532,0,5
1189,1198,0,-9
1172,1167,0,5
1093,1113,0,-20
908,913,0,-5
443,433,0,10
1009,1007,0,2
632,713,0,-81
1368,1353,0,15
1567,1567,0,0
512,513,0,-1
740,734,0,6
722,692,0,30
1688,1673,0,15
1849,1847,0,2
650,641,0,9
822,824,0,-2
1630,1612,0,18
1008,1012,0,-4
732,732,0,0
2118,2094,0,24
718,705,0,13
1131,1172,0,-41
2001,2001,0,0
2148,2121,0,27
2338,2385,0,-47
526,532,0,-6
1963,1961,0,2
591,607,0,-16
3207,,,
1902,1785,0,117
471,494,0,-23
1115,1113,0,2
1583,1585,0,-2
1674,1633,0,41
1720,2054,0,-334
1014,1014,0,0
2400,2401,0,-1
336,332,0,4
1276,1283,0,-7
2080,2087,0,-7
1069,1081,0,-12
3255,3292,0,-37
1012,1012,0,0
1836,1852,0,-16
1072,1081,0,-9
954,932,0,22
1762,1753,0,9
546,721,0,-175
841,838,0,3
2748,2732,0,16
1961,1974,0,-13
880,865,0,15
854,847,0,7
2196,2201,0,-5
951,945,0,6
1286,5745,0,-4459
699,694,0,5
634,657,0,-23
1920,1905,0,15
898,852,0,46
980,972,0,8
347,344,0,3
1177,1174,0,3
1150,1193,0,-43
1246,1193,0,53
1048,1054,0,-6
2016,2012,0,4
631,612,0,19
1334,1433,0,-99
3591,3665,0,-74
1624,1625,0,-1
1966,1967,0,-1
2329,2321,0,8
1994,2334,0,-340
2393,2545,0,-152
2571,2553,0,18
1382,1385,0,-3
1412,1545,0,-133
2880,2852,0,28
496,513,0,-17
769,758,0,11
852,847,0,5
2920,2953,0,-33
712,707,0,5
2149,2145,0,4
2170,,,
914,673,0,241
2002,2065,0,-63
1002,1078,0,-76
619,614,0,5
1453,1441,0,12
554,544,0,10
806,798,0,8
3354,3345,0,9
1148,1207,0,-59
1663,1652,0,11
1372,1374,0,-2
1236,1233,0,3
700,574,0,126
2598,2625,0,-27
692,678,0,14
1250,1247,0,3
2180,4393,0,-2213
949,944,0,5
1685,1692,0,-7
2399,2372,0,27
566,567,0,-1
3100,3265,0,-165
844,852,0,-8
1217,1212,0,5
788,772,0,16
1116,1113,0,3
1000,793,0,207
1995,1993,0,2
1134,1078,0,56
1862,1833,0,29
1237,1241,0,-4
2440,2407,0,33
1242,1254,0,-12
1249,1252,0,-3
1003,998,0,5
795,812,0,-17
2080,2327,0,-247
1134,,,
1229,1113,0,116
758,758,0,0
1211,1214,0,-3
559,561,0,-2
1077,1065,0,12
1390,1374,0,16
1301,1313,0,-12
2301,2225,0,76
858,864,0,-6
203,214,0,-11
972,961,0,11
1810,1905,0,-95
1085,1092,0,-7
2482,2494,0,-12
1557,1574,0,-17
984,1007,0,-23
1122,1132,0,-10
764,772,0,-8
804,798,0,6
832,838,0,-6
517,518,0,-1
1905,1932,0,-27
1480,1481,0,-1
1528,1521,0,7
2643,2673,0,-30
1724,1727,0,-3
687,692,0,-5
1233,1238,0,-5
726,734,0,-8
977,972,0,5
1728,1718,0,10
1265,1281,0,-16
817,812,0,5
875,854,0,21
873,864,0,9
781,772,0,9
1069,1054,0,15
2542,2518,0,24
2209,2212,0,-3
447,452,0,-5
566,654,0,-88
751,732,0,19
827,838,0,-11
1353,1345,0,8
1045,1052,0,-7
563,561,0,2
1972,2254,0,-282
1202,1294,0,-92
1207,1105,0,102
1462,1492,0,-30
491,492,0,-1
2053,2052,0,1
1565,1572,0,-7
871,852,0,19
2934,2921,0,13
2818,2905,0,-87
1050,1047,0,3
1195,1185,0,10
650,638,0,12
756,745,0,11
511,494,0,17
1186,1185,0,1
755,785,0,-30
672,687,0,-15
531,532,0,-1
1040,1038,0,2
1567,1561,0,6
700,705,0,-5
661,652,0,9
1957,1958,0,-1
1401,1385,0,16
359,361,0,-2
2064,2073,0,-9
818,812,0,6
2741,2734,0,7
2937,3025,0,-88
1279,1241,0,38
2068,2073,0,-5
1382,1372,0,10
404,407,0,-3
1396,1393,0,3
2222,2198,0,24
656,652,0,4
1425,1452,0,-27
2370,2412,0,-42
1285,1287,0,-2
1480,1478,0,2
3054,3052,0,2
3175,3265,0,-90
643,641,0,2
1296,1265,0,31
968,993,0,-25
1425,1425,0,0
2506,2481,0,25
2004,2002,0,2
1755,1732,0,23
880,878,0,2
795,793,0,2
2794,2785,0,9
1730,1713,0,17
1108,1033,0,75
1056,1047,0,9
764,801,0,-37
3501,3441,0,60
572,572,0,0
908,894,0,14
1059,1064,0,-5
1733,1761,0,-28
849,814,0,35
2680,2865,0,-185
2548,2545,0,3
1323,1327,0,-4
840,838,0,2
435,452,0,-17
1017,1012,0,5
1759,1705,0,54
1762,1842,0,-80
806,812,0,-6
594,587,0,7
1359,1385,0,-26
1036,1113,0,-77
1960,1993,0,-33
1840,1865,0,-25
764,734,0,30
2129,2201,0,-72
577,574,0,3
1238,1241,0,-3
1158,1313,0,-155
996,972,0,24
2327,2313,0,14
952,985,0,-33
1060,1041,0,19
2647,2601,0,46
760,734,0,26
1482,1487,0,-5
2496,2494,0,2
1460,1454,0,6
2502,2492,0,10
391,412,0,-21
896,904,0,-8
817,812,0,5
1459,1465,0,-6
1200,1198,0,2
802,812,0,-10
710,708,0,2
801,798,0,3
524,534,0,-10
3444,3433,0,11
3305,3345,0,-40
1051,1052,0,-1
1212,1214,0,-2
1195,1172,0,23
2678,2694,0,-16
2018,2012,0,6
441,447,0,-6
1411,1412,0,-1
1066,2012,0,-946
1967,1985,0,-18
3352,3327,0,25
974,913,0,61
2497,2492,0,5
390,400,0,-10
2746,2705,0,41
738,744,0,-6
554,553,0,1
1266,1292,0,-26
728,727,0,1
1198,1233,0,-35
1862,1932,0,-70
3029,3162,0,-133
1039,1001,0,38
1129,1118,0,11
1491,1487,0,4
1596,1612,0,-16
984,812,0,172
2786,2761,0,25
2301,2292,0,9
426,433,0,-7
2206,2185,0,21
895,892,0,3
2646,2585,0,61
1174,1193,0,-19
1064,1113,0,-49
1212,1212,0,0
697,654,0,43
545,545,0,0
509,504,0,5
1818,1814,0,4
912,904,0,8
1487,1482,0,5
927,958,0,-31
328,327,0,1
2509,2492,0,17
2736,2774,0,-38
831,812,0,19
3349,3374,0,-25
333,1572,0,-1239
589,584,0,5
1201,1198,0,3
3204,3185,0,19
2985,2953,0,32
2107,2033,0,74
1537,1572,0,-35
620,612,0,8
441,441,0,0
924,921,0,3
2203,2201,0,2
2155,2172,0,-17
1256,1273,0,-17
2240,2238,0,2
1707,2174,0,-467
900,873,0,27
1137,1144,0,-7
1097,1094,0,3
663,654,0,9
1005,1012,0,-7
665,664,0,1
2336,2353,0,-17
1242,1233,0,9
2441,2452,0,-11
1233,1161,0,72
2540,2454,0,86
509,513,0,-4
775,772,0,3
884,1012,0,-128
1772,1774,0,-2
1530,1532,0,-2
4242,4265,0,-23
1642,2014,0,-372
593,633,0,-40
448,452,0,-4
2002,2025,0,-23
1132,1144,0,-12
2334,2345,0,-11
1516,1518,0,-2
1651,1647,0,4
1423,1401,0,22
537,292,0,245
820,824,0,-4
1011,974,0,37
3599,3625,0,-26
872,953,0,-81
1745,1732,0,13
2022,2041,0,-19
1961,1953,0,8
407,407,0,0
910,913,0,-3
499,487,0,12
1207,1174,0,33
1819,1833,0,-14
1408,3563,0,-2155
1259,1264,0,-5
641,641,0,0
1373,1367,0,6
2694,2692,0,2
2606,2625,0,-19
1142,1134,0,8
1712,1705,0,7
1721,1721,0,0
868,944,0,-76
2435,2438,0,-3
699,704,0,-5
1721,1718,0,3
1220,1201,0,19
710,704,0,6
897,905,0,-8
540,505,0,35
556,572,0,-16
530,545,0,-15
664,694,0,-30
935,944,0,-9
975,974,0,1
2161,2161,0,0
1004,945,0,59
908,953,0,-45
485,494,0,-9
1803,1793,0,10
1073,,,
2102,2092,0,10
652,814,0,-162
1915,1905,0,10
1699,1694,0,5
942,944,0,-2
1156,1167,0,-11
2966,3001,0,-35
770,761,0,9
1206,1212,0,-6
1042,1041,0,1
1250,1393,0,-143
1802,1793,0,9
878,881,0,-3
606,612,0,-6
1330,1321,0,9
1819,1812,0,7
1131,1121,0,10
285,281,0,4
867,854,0,13
572,572,0,0
267,278,0,-11
1434,1433,0,1
856,854,0,2
1425,1412,0,13
684,681,0,3
1547,1505,0,42
2013,2025,0,-12
1386,1398,0,-12
849,4774,0,-3925
1025,1025,0,0
2137,2321,0,-184
324,321,0,3
1022,,,
1493,1492,0,1
1276,1454,0,-178
1122,1121,0,1
913,913,0,0
1224,1207,0,17
439,438,0,1
573,553,0,20
2447,2452,0,-5
1275,1313,0,-38
1187,1161,0,26
1601,1612,0,-11
2499,2505,0,-6
1534,1527,0,7
1699,1705,0,-6
2495,2478,0,17
385,385,0,0
1245,1313,0,-68
2126,2105,0,21
2390,2247,0,143
2117,2238,0,-121
1055,1052,0,3
749,761,0,-12
1927,1932,0,-5
631,625,0,6
1968,1961,0,7
1105,1092,0,13
1187,1161,0,26
1176,1172,0,4
1117,1127,0,-10
940,945,0,-5
312,313,0,-1
1529,1585,0,-56
1655,1652,0,3
759,4241,0,-3482
537,545,0,-8
1954,1961,0,-7
1157,1144,0,13
847,852,0,-5
1434,1425,0,9
1303,1332,0,-29
1646,1638,0,8
1489,1492,0,-3
564,633,0,-69
1980,1993,0,-13
500,518,0,-18
2041,2052,0,-11
2536,2513,0,23
725,774,0,-49
841,887,0,-46
363,384,0,-21
993,974,0,19
1660,1665,0,-5
1848,1793,0,55
595,593,0,2
2895,2865,0,30
716,713,0,3
879,974,0,-95
2137,2145,0,-8
441,294,0,147
1420,1412,0,8
548,585,0,-37
745,734,0,11
469,452,0,17
1553,1545,0,8
625,624,0,1
1470,1473,0,-3
1699,1692,0,7
792,801,0,-9
2056,1918,0,138
574,567,0,7
647,625,0,22
645,647,0,-2
1189,1425,0,-236
614,614,0,0
985,998,0,-13
3285,3294,0,-9
971,5825,0,-4854
793,824,0,-31
1407,1402,0,5
407,412,0,-5
1871,1852,0,19
823,833,0,-10
1135,1153,0,-18
658,664,0,-6
671,687,0,-16
734,732,0,2
568,574,0,-6
1832,1833,0,-1
830,833,0,-3
759,798,0,-39
2163,2167,0,-4
853,721,0,132
489,481,0,8
1750,1732,0,18
1617,1612,0,5
344,345,0,-1
3859,3785,0,74
2761,2774,0,-13
956,945,0,11
954,932,0,22
1752,1753,0,-1
952,932,0,20
1649,1772,0,-123
726,812,0,-86
1162,1158,0,4
1826,2385,0,-559
532,532,0,0
1217,1201,0,16
2261,2265,0,-4
877,5132,0,-4255
992,988,0,4
3208,3198,0,10
1390,1332,0,58
1100,1113,0,-13
1115,1145,0,-30
1341,1527,0,-186
620,624,0,-4
1590,1572,0,18
1490,1454,0,36
973,972,0,1
950,961,0,-11
1297,1305,0,-8
587,585,0,2
1633,1625,0,8
1429,1452,0,-23
893,972,0,-79
400,374,0,26
1203,1185,0,18
3274,3374,0,-100
1848,1852,0,-4
2197,2174,0,23
1271,1273,0,-2
1079,1104,0,-25
351,345,0,6
1000,1012,0,-12
248,,,
799,3374,0,-2575
591,534,0,57
3063,3092,0,-29
1183,1172,0,11
1107,1092,0,15
3375,3372,0,3
841,854,0,-13
2564,2553,0,11
567,624,0,-57
798,798,0,0
1402,1385,0,17
661,633,0,28
262,267,0,-5
3139,3134,0,5
2284,2092,0,192
1163,1172,0,-9
1475,1481,0,-6
1137,4814,0,-3677
617,3753,0,-3136
1129,1121,0,8
693,704,0,-11
839,745,0,94
1081,1073,0,8
1960,1974,0,-14
1013,1012,0,1
1521,1534,0,-13
520,513,0,7
2428,2414,0,14
876,881,0,-5
1152,1158,0,-6
1375,1401,0,-26
1301,1414,0,-113
721,732,0,-11
787,798,0,-11
1418,1412,0,6
2744,2785,0,-41
2460,2473,0,-13
2567,2585,0,-18
640,633,0,7
816,812,0,4
1096,1105,0,-9
714,707,0,7
2373,2353,0,20
1633,1647,0,-14
656,638,0,18
917,918,0,-1
1666,1678,0,-12
3078,3428,0,-350
2144,2153,0,-9
2125,2065,0,60
1751,1745,0,6
647,647,0,0
1319,1318,0,1
1396,1385,0,11
1478,1478,0,0
549,545,0,4
1361,1407,0,-46
1903,1878,0,25
671,1132,0,-461
632,638,0,-6
1388,1372,0,16
1387,1334,0,53
1261,1252,0,9
432,441,0,-9
2182,2145,0,37
1061,1054,0,7
770,873,0,-103
538,544,0,-6
1941,1913,0,28
1946,2705,0,-759
1734,1732,0,2
1438,1225,0,213
1463,1465,0,-2
1980,1972,0,8
1855,1841,0,14
988,1025,0,-37
3206,3185,0,21
2138,2132,0,6
507,504,0,3
835,825,0,10
878,1321,0,-443
1473,1452,0,21
1914,1905,0,9
2367,2305,0,62
947,945,0,2
597,612,0,-15
658,673,0,-15
1118,1118,0,0
1642,1561,0,81
226,294,0,-68
1742,1721,0,21
3302,3281,0,21
328,494,0,-166
1575,1602,0,-27
2105,2092,0,13
405,407,0,-2
3149,3145,0,4
1002,825,0,177
641,641,0,0
1355,5047,0,-3692
1137,1127,0,10
714,713,0,1
160,158,0,2
1335,,,
740,734,0,6
963,972,0,-9
726,721,0,5
1755,1745,0,10
1149,1153,0,-4
710,694,0,16
525,527,0,-2
634,624,0,10
595,593,0,2
1006,984,0,22
1765,1761,0,4
334,334,0,0
2125,2172,0,-47
1320,1313,0,7
385,372,0,13
1307,1294,0,13
2537,2532,0,5
943,932,0,11
1090,1113,0,-23
1630,1612,0,18
1366,1361,0,5
1161,1153,0,8
2741,2745,0,-4
2205,2193,0,12
2089,2092,0,-3
1058,1052,0,6
1083,1054,0,29
1916,1921,0,-5
716,713,0,3
650,633,0,17
1177,1172,0,5
1082,1081,0,1
1972,1945,0,27
1579,1505,0,74
1440,1447,0,-7
325,322,0,3
786,722,0,64
2485,2492,0,-7
2931,2913,0,18
3354,3332,0,22
1107,1105,0,2
1353,1325,0,28
1371,1372,0,-1
459,454,0,5
945,984,0,-39
1882,1894,0,-12
424,412,0,12
2172,2174,0,-2
1826,1814,0,12
1123,1121,0,2
980,972,0,8
959,961,0,-2
967,985,0,-18
437,601,0,-164
1223,1247,0,-24
784,774,0,10
1356,1353,0,3
1194,1132,0,62
876,867,0,9
834,842,0,-8
1550,1562,0,-12
1774,1774,0,0
329,332,0,-3
882,1001,0,-119
2276,2345,0,-69
2627,3082,0,-455
2302,2294,0,8
2100,2082,0,18
2946,2934,0,12
1379,1367,0,12
1713,,,
528,527,0,1
1738,1732,0,6
936,1007,0,-71
392,393,0,-1
2889,2905,0,-16
669,678,0,-9
1613,1633,0,-20
543,532,0,11
3004,2993,0,11
835,1014,0,-179
2042,2052,0,-10
1018,3972,0,-2954
1494,1492,0,2
3184,3233,0,-49
755,744,0,11
2118,2118,0,0
728,753,0,-25
920,905,0,15
2048,1913,0,135
1124,1127,0,-3
881,934,0,-53
279,273,0,6
1100,1092,0,8
591,585,0,6
1091,1065,0,26
947,932,0,15
1452,1452,0,0
569,647,0,-78
2647,2647,0,0
2008,2092,0,-84
3227,3334,0,-107
3759,3865,0,-106
505,513,0,-8
705,704,0,1
2114,2121,0,-7
930,1094,0,-164
1288,1287,0,1
847,842,0,5
412,412,0,0
554,544,0,10
1440,1372,0,68
2206,2217,0,-11
394,412,0,-18
1861,1865,0,-4
1965,1932,0,33
2489,2481,0,8
1169,1167,0,2
954,1588,0,-634
1787,1945,0,-158
690,665,0,25
1098,1041,0,57
1293,1294,0,-1
967,961,0,6
2715,2838,0,-123
2215,2153,0,62
1256,1233,0,23
1250,1238,0,12
1096,1113,0,-17
2247,2185,0,62
1234,1238,0,-4
2997,3207,0,-210
1068,1241,0,-173
605,593,0,12
806,798,0,8
296,294,0,2
2086,3230,0,-1144
1055,1052,0,3
1450,1438,0,12
1591,1633,0,-42
492,481,0,11
3247,3225,0,22
2700,2745,0,-45
2369,2441,0,-72
618,585,0,33
2919,3014,0,-95
691,687,0,4
747,1614,0,-867
1656,1641,0,15
1734,1745,0,-11
1377,1385,0,-8
1081,1105,0,-24
2383,2398,0,-15
803,998,0,-195
1125,1121,0,4
809,812,0,-3
2272,2252,0,20
696,705,0,-9
1280,1265,0,15
1140,1132,0,8
2018,2054,0,-36
1136,1134,0,2
826,814,0,12
718,713,0,5
2619,2633,0,-14
890,892,0,-2
703,559,0,144
931,932,0,-1
666,664,0,2
878,3113,0,-2235
2339,2345,0,-6
868,865,0,3
450,452,0,-2
2109,2092,0,17
3539,3785,0,-246
2720,2745,0,-25
1153,1174,0,-21
957,961,0,-4
1271,1281,0,-10
1854,1873,0,-19
308,313,0,-5
779,814,0,-35
1160,1153,0,7
853,852,0,1
1355,1372,0,-17
1095,1014,0,81
1532,1532,0,0
1606,1553,0,53
1588,1585,0,3
1014,1012,0,2
411,412,0,-1
502,504,0,-2
1528,1534,0,-6
1086,1081,0,5
2252,,,
2896,2945,0,-49
1764,1761,0,3
1737,1692,0,45
966,974,0,-8
1053,1052,0,1
1050,1033,0,17
752,758,0,-6
1078,1081,0,-3
964,958,0,6
2481,2492,0,-11
371,442,0,-71
1610,1612,0,-2
1478,1532,0,-54
3408,3433,0,-25
1077,1073,0,4
1341,1321,0,20
1570,1572,0,-2
1773,1785,0,-12
1020,865,0,155
510,518,0,-8
1634,1614,0,20
2819,,,
1921,1625,0,296
900,904,0,-4
1000,998,0,2
1170,1172,0,-2
1015,1012,0,3
1632,1692,0,-60
1416,1424,0,-8
733,,,
1058,1052,0,6
1234,1305,0,-71
652,654,0,-2
915,918,0,-3
826,812,0,14
2994,2974,0,20
794,812,0,-18
778,774,0,4
1317,1345,0,-28
1104,1094,0,10
480,487,0,-7
978,984,0,-6
402,398,0,4
2450,2465,0,-15
2237,2238,0,-1
725,785,0,-60
2878,2865,0,13
1260,1254,0,6
2752,2753,0,-1
669,694,0,-25
1339,1332,0,7
1101,1073,0,28
891,894,0,-3
3663,3665,0,-2
2385,2372,0,13
1024,1025,0,-1
1248,1441,0,-193
3380,3487,0,-107
1752,1732,0,20
1006,1012,0,-6
988,993,0,-5
2751,2745,0,6
693,687,0,6
1042,1041,0,1
1271,1265,0,6
1752,1734,0,18
209,199,0,10
1274,1233,0,41
1623,4593,0,-2970
4077,4065,0,12
1527,1513,0,14
904,974,0,-70
2589,2585,0,4
519,545,0,-26
3239,3233,0,6
1376,1372,0,4
1887,1892,0,-5
1351,1353,0,-2
1466,1454,0,12
1005,993,0,12
1299,1292,0,7
1288,1292,0,-4
1292,1265,0,27
1298,1265,0,33
510,521,0,-11
666,625,0,41
381,393,0,-12
817,793,0,24
2602,2593,0,9
1194,1198,0,-4
993,985,0,8
810,812,0,-2
1360,1353,0,7
2526,2545,0,-19
624,624,0,0
1016,1014,0,2
1468,1452,0,16
1102,1094,0,8
1055,1052,0,3
2203,2174,0,29
1871,1854,0,17
2808,2878,0,-70
681,687,0,-6
1324,1332,0,-8
1299,1294,0,5
593,593,0,0
388,393,0,-5
794,812,0,-18
1089,1104,0,-15
638,454,0,184
498,521,0,-23
1043,1073,0,-30
1798,1793,0,5
1085,1081,0,4
1617,1734,0,-117
2919,2905,0,14
1542,1553,0,-11
1003,998,0,5
1986,2054,0,-68
926,932,0,-6
1077,1454,0,-377
1311,1313,0,-2
1972,2001,0,-29
1098,1113,0,-15
314,321,0,-7
769,758,0,11
677,718,0,-41
2383,2292,0,91
2465,2465,0,0
1679,1921,0,-242
1449,1441,0,8
2726,2705,0,21
2654,2654,0,0
201,201,0,0
1219,1153,0,66
1943,1945,0,-2
2549,2513,0,36
1291,1247,0,44
1416,1401,0,15
707,704,0,3
841,838,0,3
1241,,,
1258,1265,0,-7
866,,,
538,534,0,4
3586,,,
1207,1193,0,14
1409,1385,0,24
766,767,0,-1
1283,1254,0,29
1862,1854,0,8
1605,1598,0,7
1693,1692,0,1
1519,1505,0,14
371,398,0,-27
1755,2273,0,-518
809,812,0,-3
1520,1492,0,28
2174,2185,0,-11
1046,1041,0,5
596,574,0,22
1425,1452,0,-27
860,852,0,8
1104,1145,0,-41
1480,1473,0,7
729,,,
1238,1247,0,-9
4465,4414,0,51
860,,,
1205,1193,0,12
768,774,0,-6
700,704,0,-4
2225,2241,0,-16
1855,2534,0,-679
1191,1201,0,-10
1183,1172,0,11
1746,1772,0,-26
1224,1225,0,-1
1079,1087,0,-8
557,572,0,-15
849,,,
1321,1318,0,3
1241,1225,0,16
1646,1633,0,13
1621,1612,0,9
691,681,0,10
1311,1313,0,-2
2231,2193,0,38
1441,2174,0,-733
2094,,,
1720,1665,0,55
857,841,0,16
439,447,0,-8
667,664,0,3
556,553,0,3
1568,1553,0,15
1111,1105,0,6
603,598,0,5
1201,1207,0,-6
3201,3334,0,-133
1299,1292,0,7
861,864,0,-3
2949,2961,0,-12
1191,1334,0,-143
2871,2793,0,78
1549,1553,0,-4
802,802,0,0
617,612,0,5
3198,3174,0,24
753,761,0,-8
677,652,0,25
1875,1865,0,10
2040,2033,0,7
1352,1345,0,7
321,321,0,0
844,852,0,-8
1005,1012,0,-7
2401,2372,0,29
2893,2921,0,-28
2106,2374,0,-268
1802,1801,0,1
626,633,0,-7
981,972,0,9
1787,1772,0,15
1636,1625,0,11
1632,1607,0,25
971,972,0,-1
806,785,0,21
2134,2081,0,53
1323,1321,0,2
1250,1334,0,-84
1513,1505,0,8
1128,1132,0,-4
606,625,0,-19
1498,1504,0,-6
1334,1334,0,0
1014,1001,0,13
772,767,0,5
1794,1801,0,-7
266,278,0,-12
508,507,0,1
1786,1753,0,33
606,612,0,-6
567,561,0,6
608,612,0,-4
1233,1161,0,72
998,1012,0,-14
399,401,0,-2
1461,1441,0,20
1242,1254,0,-12
1476,1487,0,-11
1420,1425,0,-5
1917,1905,0,12
1367,1433,0,-66
1686,1718,0,-32
1697,1694,0,3
1287,1273,0,14
555,598,0,-43
1254,1241,0,13
2048,1972,0,76
953,945,0,8
1232,1225,0,7
2290,2294,0,-4
1354,1353,0,1
399,393,0,6
526,534,0,-8
1053,1052,0,1
890,905,0,-15
545,534,0,11
656,753,0,-97
2896,2961,0,-65
1107,1118,0,-11
3422,3425,0,-3
1788,2233,0,-445
1281,1292,0,-11
1039,1041,0,-2
908,918,0,-10
2167,2165,0,2
630,633,0,-3
2594,2612,0,-18
1324,1332,0,-8
858,852,0,6
1362,1361,0,1
3322,3345,0,-23
2036,2033,0,3
2268,2265,0,3
1494,1492,0,2
798,785,0,13
2217,2172,0,45
1172,1185,0,-13
1477,1487,0,-10
1037,1033,0,4
925,953,0,-28
698,694,0,4
2701,2687,0,14
1310,1322,0,-12
1017,1001,0,16
1096,1092,0,4
1499,1487,0,12
1460,1452,0,8
663,654,0,9
679,678,0,1
1072,3907,0,-2835
864,864,0,0
2303,2292,0,11
1028,1054,0,-26
665,665,0,0
1066,1052,0,14
1351,1353,0,-2
693,,,
3512,3505,0,7
2186,2425,0,-239
1820,1825,0,-5
1244,1233,0,11
1415,1225,0,190
1047,1052,0,-5
833,825,0,8
765,758,0,7
1127,1134,0,-7
2382,2403,0,-21
1316,1305,0,11
1000,1025,0,-25
825,825,0,0
2126,2134,0,-8
1041,1054,0,-13
834,814,0,20
2343,2321,0,22
2297,2292,0,5
578,574,0,4
1673,1664,0,9
3127,3145,0,-18
431,424,0,7
1885,1854,0,31
1818,1798,0,20
1395,1393,0,2
1604,1593,0,11
1786,1732,0,54
1225,1214,0,11
1937,1553,0,384
3755,3772,0,-17
919,945,0,-26
789,785,0,4
2003,1972,0,31
675,673,0,2
1364,1372,0,-8
2562,2572,0,-10
3182,3185,0,-3
3586,3572,0,14
1407,1412,0,-5
1097,1105,0,-8
995,993,0,2
1657,1654,0,3
1451,1441,0,10
1989,2001,0,-12
1443,1425,0,18
3084,3145,0,-61
433,424,0,9
1654,1652,0,2
1086,1081,0,5
431,454,0,-23
2507,2494,0,13
789,784,0,5
1053,1052,0,1
2399,2401,0,-2
911,894,0,17
2103,2113,0,-10
905,906,0,-1
781,798,0,-17
3226,3265,0,-39
1414,,,
1271,1252,0,19
879,881,0,-2
3516,3544,0,-28
310,4974,0,-4664
788,785,0,3
1456,1452,0,4
455,452,0,3
749,753,0,-4
564,572,0,-8
3299,3281,0,18
2218,2212,0,6
871,854,0,17
1330,1332,0,-2
616,614,0,2
1735,1732,0,3
1938,1945,0,-7
1597,1585,0,12
408,438,0,-30
1764,1758,0,6
452,433,0,19
1808,1793,0,15
679,665,0,14
2620,2625,0,-5
2412,2425,0,-13
1589,1614,0,-25
1041,1025,0,16
842,833,0,9
2034,2033,0,1
2662,2745,0,-83
1352,1353,0,-1
676,665,0,11
717,793,0,-76
3337,3353,0,-16
1464,1454,0,10
1386,1385,0,1
1797,1793,0,4
1344,1353,0,-9
885,785,0,100
1282,3654,0,-2372
596,593,0,3
200,201,0,-1
1156,1145,0,11
1239,1247,0,-8
386,384,0,2
476,214,0,262
935,5292,0,-4357
1229,1241,0,-12
856,881,0,-25
2759,2767,0,-8
929,932,0,-3
1246,1238,0,8
1008,2145,0,-1137
1570,1572,0,-2
469,468,0,1
1819,1825,0,-6
1023,1028,0,-5
2777,2785,0,-8
1571,1572,0,-1
1642,1652,0,-10
1280,1305,0,-25
1508,1505,0,3
709,,,
873,873,0,0
2300,2281,0,19
992,972,0,20
1117,1153,0,-36
387,385,0,2
272,2121,0,-1849
1820,1814,0,6
2138,2127,0,11
1555,1545,0,10
277,304,0,-27
2120,2145,0,-25
1336,1265,0,71
662,673,0,-11
2443,2425,0,18
1625,,,
1239,1224,0,15
2499,2505,0,-6
1165,1172,0,-7
679,704,0,-25
1497,1492,0,5
525,534,0,-9
3737,3745,0,-8
2171,2172,0,-1
1354,1353,0,1
389,3772,0,-3383
2549,2614,0,-65
1679,1681,0,-2
2622,2633,0,-11
898,904,0,-6
865,865,0,0
2119,2105,0,14
1094,1073,0,21
325,318,0,7
1931,1913,0,18
2541,2561,0,-20
2989,3073,0,-84
810,812,0,-2
1136,1113,0,23
2427,2345,0,82
225,214,0,11
1657,1654,0,3
2455,2452,0,3
923,913,0,10
575,585,0,-10
1473,1478,0,-5
870,854,0,16
2296,2281,0,15
1468,1814,0,-346
1074,1065,0,9
1110,1087,0,23
1222,1214,0,8
718,727,0,-9
570,587,0,-17
2150,2153,0,-3
967,974,0,-7
636,633,0,3
1100,1105,0,-5
910,865,0,45
1469,1473,0,-4
1344,1353,0,-9
1152,1134,0,18
1315,1327,0,-12
1337,1313,0,24
684,705,0,-21
883,892,0,-9
1357,1334,0,23
2513,2505,0,8
1316,1313,0,3
451,452,0,-1
742,744,0,-2
1602,2385,0,-783
2038,2033,0,5
1235,1225,0,10
3363,3393,0,-30
818,812,0,6
2383,2553,0,-170
1664,1641,0,23
445,734,0,-289
619,614,0,5
443,465,0,-22
1242,1233,0,9
971,967,0,4
1024,1038,0,-14
3119,3065,0,54
1445,1452,0,-7
1405,1681,0,-276
669,633,0,36
250,252,0,-2
410,412,0,-2
338,344,0,-6
1007,1012,0,-5
1622,1633,0,-11
980,985,0,-5
1329,1313,0,16
1136,1172,0,-36
1567,,,
890,1113,0,-223
1974,1993,0,-19
1506,1505,0,1
1728,1673,0,55
1263,1273,0,-10
1655,1647,0,8
1151,1254,0,-103
1369,1321,0,48
2060,2073,0,-13
515,505,0,10
1819,1812,0,7
2068,2092,0,-24
1125,,,
320,318,0,2
1156,1153,0,3
584,572,0,12
1020,1007,0,13
513,513,0,0
961,965,0,-4
1520,1513,0,7
716,785,0,-69
1886,1892,0,-6
865,865,0,0
1182,1134,0,48
2106,2073,0,33
1331,1321,0,10
919,905,0,14
1787,1793,0,-6
951,953,0,-2
947,934,0,13
1251,1252,0,-1
1261,1945,0,-684
1152,1153,0,-1
2905,2905,0,0
2754,2785,0,-31
1831,1793,0,38
883,873,0,10
585,585,0,0
1316,1305,0,11
3648,3665,0,-17
3194,3254,0,-60
520,593,0,-73
552,558,0,-6
827,824,0,3
1335,1332,0,3
1541,1572,0,-31
244,254,0,-10
516,518,0,-2
2190,2145,0,45
316,318,0,-2
793,793,0,0
609,607,0,2
999,1225,0,-226
2830,2905,0,-75
1747,1732,0,15
1589,1647,0,-58
1260,1273,0,-13
1029,1007,0,22
2190,2174,0,16
1569,1572,0,-3
430,425,0,5
2392,2414,0,-22
1168,1238,0,-70
2523,2494,0,29
1164,1172,0,-8
1895,1894,0,1
2649,2433,0,216
1548,,,
960,953,0,7
1141,1132,0,9
1696,1687,0,9
1756,1852,0,-96
2484,2505,0,-21
1101,1121,0,-20
1330,1332,0,-2
1012,1012,0,0
1499,1478,0,21
620,574,0,46
1237,1225,0,12
670,673,0,-3
1470,1492,0,-22
685,687,0,-2
1377,1247,0,130
1458,1452,0,6
1312,1265,0,47
1069,1065,0,4
498,3172,0,-2674
2178,2172,0,6
394,407,0,-13
655,593,0,62
765,772,0,-7
2016,2025,0,-9
2038,2025,0,13
1489,1598,0,-109
1015,1012,0,3
1554,1673,0,-119
2576,2553,0,23
1436,1425,0,11
329,327,0,2
879,881,0,-2
1510,1532,0,-22
844,825,0,19
1536,1534,0,2
585,601,0,-16
1565,2334,0,-769
1166,1185,0,-19
2750,2864,0,-114
706,704,0,2
608,633,0,-25
1145,1073,0,72
1596,1614,0,-18
1356,1372,0,-16
698,692,0,6
1208,1233,0,-25
2777,2785,0,-8
769,3353,0,-2584
562,553,0,9
1579,1558,0,21
218,214,0,4
1082,1078,0,4
1655,1654,0,1
648,652,0,-4
252,294,0,-42
2279,2265,0,14
1302,1638,0,-336
1038,1041,0,-3
2162,2172,0,-10
1792,1801,0,-9
1128,1105,0,23
1265,1254,0,11
1095,1094,0,1
760,774,0,-14
713,718,0,-5
1053,1033,0,20
1982,1972,0,10
167,158,0,9
1023,1041,0,-18
1419,1385,0,34
1805,1801,0,4
1541,1534,0,7
1596,1585,0,11
559,561,0,-2
937,993,0,-56
623,624,0,-1
2957,2934,0,23
1293,1273,0,20
1514,1521,0,-7
2939,2953,0,-14
2496,2487,0,9
1269,1265,0,4
1336,1332,0,4
1877,1894,0,-17
1561,1585,0,-24
2018,2033,0,-15
399,398,0,1
1901,1892,0,9
951,967,0,-16
1802,1793,0,9
1154,852,0,302
1160,1161,0,-1
1734,1721,0,13
2063,1828,0,235
1103,1092,0,11
542,534,0,8
411,414,0,-3
787,873,0,-86
463,,,
1284,1273,0,11
1855,2025,0,-170
1869,1854,0,15
2641,2718,0,-77
268,254,0,14
1929,1921,0,8
2271,2305,0,-34
1048,1144,0,-96
2230,2212,0,18
1703,1705,0,-2
1175,1132,0,43
340,345,0,-5
565,534,0,31
1304,1305,0,-1
1001,1002,0,-1
844,841,0,3
1503,1494,0,9
661,652,0,9
1030,1033,0,-3
942,944,0,-2
806,847,0,-41
2094,2132,0,-38
1523,1532,0,-9
938,774,0,164
2115,2118,0,-3
1028,1033,0,-5
834,847,0,-13
2534,2345,0,189
1349,1372,0,-23
1514,1505,0,9
1681,1682,0,-1
1346,1305,0,41
1548,1553,0,-5
1308,1292,0,16
2110,2092,0,18
1740,1732,0,8
2217,2203,0,14
2254,2252,0,2
614,625,0,-11
617,614,0,3
2180,2185,0,-5
2622,2625,0,-3
3145,3393,0,-248
873,892,0,-19
1388,1393,0,-5
1187,1193,0,-6
1205,1212,0,-7
894,892,0,2
1454,1452,0,2
840,838,0,2
863,852,0,11
979,984,0,-5
795,793,0,2
1626,1652,0,-26
1026,1024,0,2
2315,2313,0,2
797,785,0,12
1102,1113,0,-11
823,838,0,-15
159,105,0,54
2189,2153,0,36
824,825,0,-1
2365,2361,0,4
1245,1614,0,-369
471,473,0,-2
1393,1665,0,-272
2387,2425,0,-38
1034,1027,0,7
675,673,0,2
1613,1758,0,-145
1726,1721,0,5
1926,1932,0,-6
3069,2985,0,84
954,945,0,9
3464,3452,0,12
1136,1121,0,15
1823,1785,0,38
1900,1793,0,107
1024,1012,0,12
1786,1785,0,1
494,534,0,-40
953,953,0,0
2807,2745,0,62
689,713,0,-24
1575,1585,0,-10
885,3153,0,-2268
761,758,0,3
2499,2487,0,12
848,852,0,-4
2108,2104,0,4
3189,3201,0,-12
799,774,0,25
1185,1185,0,0
715,713,0,2
2462,2505,0,-43
1330,1372,0,-42
848,841,0,7
820,801,0,19
783,784,0,-1
2586,2598,0,-12
1002,1007,0,-5
644,652,0,-8
4002,4134,0,-132
1468,1487,0,-19
1528,1527,0,1
1151,1144,0,7
2738,2718,0,20
955,958,0,-3
1287,1305,0,-18
2155,4441,0,-2286
853,854,0,-1
780,,,
959,958,0,1
1033,1030,0,3
762,761,0,1
490,492,0,-2
285,318,0,-33
1728,1732,0,-4
2187,2214,0,-27
1193,1092,0,101
985,922,0,63
582,598,0,-16
306,332,0,-26
1113,1094,0,19
1586,1572,0,14
1909,1814,0,95
420,414,0,6
1695,1505,0,190
1166,1145,0,21
1091,732,0,359
655,633,0,22
561,567,0,-6
1303,1673,0,-370
1763,,,
632,654,0,-22
759,753,0,6
1110,1158,0,-48
939,1002,0,-63
1289,1292,0,-3
513,513,0,0
2051,2033,0,18
829,894,0,-65
1427,1433,0,-6
3069,3065,0,4
2421,2412,0,9
970,905,0,65
1982,2007,0,-25
1820,1812,0,8
2499,2481,0,18
1715,1713,0,2
826,774,0,52
1564,1544,0,20
744,753,0,-9
1400,1393,0,7
1020,1012,0,8
561,572,0,-11
1514,1513,0,1
1357,1358,0,-1
2150,2454,0,-304
1915,1945,0,-30
1004,1193,0,-189
414,424,0,-10
624,614,0,10
1097,1104,0,-7
742,745,0,-3
1272,1294,0,-22
970,3465,0,-2495
1892,2327,0,-435
776,772,0,4
1621,1625,0,-4
1467,1465,0,2
953,958,0,-5
1838,1812,0,26
2025,2001,0,24
1239,1233,0,6
591,584,0,7
817,825,0,-8
1473,1482,0,-9
943,932,0,11
2121,2105,0,16
1302,1305,0,-3
621,824,0,-203
2749,2732,0,17
2607,2625,0,-18
1095,1105,0,-10
943,953,0,-10
774,734,0,40
491,492,0,-1
1040,1014,0,26
2763,2753,0,10
1476,1492,0,-16
993,953,0,40
819,833,0,-14
1019,1012,0,7
1213,1225,0,-12
1220,1214,0,6
763,758,0,5
906,918,0,-12
1254,1273,0,-19
1228,1193,0,35
1012,,,
653,652,0,1
796,772,0,24
1028,1014,0,14
825,825,0,0
1028,772,0,256
847,865,0,-18
3645,3647,0,-2
1528,1593,0,-65
1163,1145,0,18
1595,1612,0,-17
896,904,0,-8
1156,1145,0,11
859,865,0,-6
410,548,0,-138
3151,3172,0,-21
929,673,0,256
2561,2553,0,8
716,705,0,11
969,945,0,24
766,772,0,-6
1515,1665,0,-150
1499,,,
994,2694,0,-1700
1873,1833,0,40
1515,1532,0,-17
2706,2814,0,-108
929,945,0,-16
1312,1305,0,7
859,881,0,-22
1977,1961,0,16
702,692,0,10
510,521,0,-11
883,878,0,5
464,464,0,0
1458,1452,0,6
515,521,0,-6
1357,1358,0,-1
2088,2105,0,-17
2147,2153,0,-6
4470,4601,0,-131
1875,1841,0,34
419,414,0,5
3781,3785,0,-4
1726,1705,0,21
321,318,0,3
1219,1407,0,-188
615,624,0,-9
1339,905,0,434
418,414,0,4
1301,1313,0,-12
1167,4887,0,-3720
2975,2993,0,-18
996,1001,0,-5
1923,1798,0,125
878,881,0,-3
1092,1113,0,-21
1875,2054,0,-179
860,1065,0,-205
675,692,0,-17
3273,3105,0,168
746,734,0,12
1067,1052,0,15
852,825,0,27
1342,1494,0,-152
626,652,0,-26
1933,1945,0,-12
1062,1052,0,10
1126,1127,0,-1
629,638,0,-9
844,841,0,3
604,612,0,-8
1168,1185,0,-17
1654,1633,0,21
1865,1878,0,-13
706,704,0,2
2117,2132,0,-15
1397,1425,0,-28
898,892,0,6
992,985,0,7
545,544,0,1
416,441,0,-25
1238,1225,0,13
1337,1332,0,5
1015,1033,0,-18
1346,812,0,534
871,864,0,7
1153,1172,0,-19
1736,1732,0,4
1931,1905,0,26
2338,2332,0,6
1943,1932,0,11
1667,,,
3365,3353,0,12
738,734,0,4
2067,2065,0,2
1019,1007,0,12
1215,1172,0,43
1070,1078,0,-8
275,278,0,-3
370,372,0,-2
604,593,0,11
883,892,0,-9
1237,1334,0,-97
1141,1134,0,7
2383,2334,0,49
1442,1438,0,4
664,652,0,12
792,793,0,-1
673,664,0,9
776,784,0,-8
3616,3593,0,23
1070,1073,0,-3
800,774,0,26
773,785,0,-12
609,614,0,-5
2145,2158,0,-13
994,985,0,9
366,425,0,-59
1609,1612,0,-3
1676,1625,0,51
776,772,0,4
1036,1001,0,35
2762,2812,0,-50
1846,,,
653,642,0,11
772,801,0,-29
1051,1025,0,26
2855,2873,0,-18
1496,1494,0,2
1506,1492,0,14
2243,2233,0,10
890,892,0,-2
751,772,0,-21
1669,1665,0,4
757,2625,0,-1868
2516,2465,0,51
921,921,0,0
1243,1252,0,-9
1282,1265,0,17
964,984,0,-20
925,932,0,-7
1389,1393,0,-4
1593,1585,0,8
2466,2425,0,41
1795,1793,0,2
526,522,0,4
1259,1254,0,5
560,553,0,7
1058,1065,0,-7
677,673,0,4
2051,2012,0,39
374,372,0,2
1623,1633,0,-10
930,932,0,-2
745,772,0,-27
290,1734,0,-1444
1417,1374,0,43
1171,1167,0,4
949,953,0,-4
1007,1012,0,-5
1064,1052,0,12
1142,1144,0,-2
717,753,0,-36
995,1012,0,-17
272,265,0,7
1172,1185,0,-13
2569,2553,0,16
675,665,0,10
554,561,0,-7
681,681,0,0
324,332,0,-8
1069,1033,0,36
620,612,0,8
1010,1012,0,-2
2073,2073,0,0
1638,1654,0,-16
582,574,0,8
1443,1412,0,31
688,705,0,-17
1233,1233,0,0
505,385,0,120
2485,2481,0,4
1908,1922,0,-14
1988,2014,0,-26
850,852,0,-2
788,784,0,4
2586,2585,0,1
876,825,0,51
1004,1012,0,-8
1676,1665,0,11
1601,1593,0,8
1002,1007,0,-5
2604,2593,0,11
1466,1464,0,2
2940,2923,0,17
1429,1425,0,4
1349,1353,0,-4
466,441,0,25
524,544,0,-20
1341,1465,0,-124
923,1054,0,-131
453,452,0,1
1708,1713,0,-5
3035,3025,0,10
1183,1313,0,-130
1484,1481,0,3
1410,1401,0,9
2021,1913,0,108
300,294,0,6
1551,1452,0,99
1149,1145,0,4
1640,1641,0,-1
1173,1172,0,1
1625,1654,0,-29
832,838,0,-6
1889,1934,0,-45
1336,1345,0,-9
636,633,0,3
1204,1207,0,-3
1016,1012,0,4
490,492,0,-2
500,473,0,27
1232,1241,0,-9
1300,1313,0,-13
1520,1532,0,-12
3449,3452,0,-3
2184,2185,0,-1
2249,2233,0,16
1278,4873,0,-3595
2392,2393,0,-1
1925,1921,0,4
4122,4473,0,-351
199,202,0,-3
833,833,0,0
1329,1318,0,11
1073,1064,0,9
3517,3598,0,-81
760,753,0,7
856,852,0,4
2009,1998,0,11
2328,2265,0,63
2802,2825,0,-23
768,633,0,135
1093,1012,0,81
1666,1652,0,14
1093,1073,0,20
679,692,0,-13
1106,1105,0,1
869,864,0,5
1920,1892,0,28
2747,2761,0,-14
2363,2345,0,18
2690,2687,0,3
1365,1372,0,-7
2106,2105,0,1
1536,1532,0,4
1561,1572,0,-11
793,785,0,8
351,347,0,4
723,727,0,-4
1842,1785,0,57
1015,1007,0,8
1310,1321,0,-11
2771,2772,0,-1
1146,1134,0,12
1074,1033,0,41
527,708,0,-181
3841,3974,0,-133
720,727,0,-7
4217,4233,0,-16
889,825,0,64
1419,1441,0,-22
1556,1534,0,22
506,507,0,-1
1468,1465,0,3
1248,1265,0,-17
335,607,0,-272
1362,1361,0,1
374,372,0,2
421,,,
1846,1852,0,-6
338,334,0,4
581,574,0,7
212,212,0,0
2418,2385,0,33
726,744,0,-18
769,784,0,-15
1129,5132,0,-4003
2212,2185,0,27
684,692,0,-8
759,774,0,-15
1578,1572,0,6
1399,1393,0,6
3451,3425,0,26
2113,2113,0,0
1411,1233,0,178
1898,1905,0,-7
2374,2361,0,13
1983,1972,0,11
3338,3353,0,-15
1203,1214,0,-11
1722,1732,0,-10
2162,2185,0,-23
3216,3201,0,15
557,561,0,-4
1681,1678,0,3
908,904,0,4
992,993,0,-1
903,905,0,-2
1549,1585,0,-36
2138,2134,0,4
1567,1585,0,-18
1513,1513,0,0
1045,1001,0,44
866,852,0,14
864,892,0,-28
689,692,0,-3
603,625,0,-22
956,945,0,11
1009,1012,0,-3
359,353,0,6
1949,1993,0,-44
1273,1247,0,26
786,713,0,73
993,1014,0,-21
749,753,0,-4
3035,2985,0,50
3218,3305,0,-87
1434,1438,0,-4
713,713,0,0
1107,1118,0,-11
722,718,0,4
2322,2345,0,-23
1053,1052,0,1
1014,1033,0,-19
400,385,0,15
1022,1012,0,10
1451,1452,0,-1
3091,3113,0,-22
1127,1113,0,14
999,1014,0,-15
1733,1721,0,12
2419,2454,0,-35
449,441,0,8
323,318,0,5
2276,2265,0,11
1206,1201,0,5
624,612,0,12
1611,1612,0,-1
489,487,0,2
2806,2852,0,-46
2131,2094,0,37
1344,1332,0,12
1347,1334,0,13
639,633,0,6
578,572,0,6
573,481,0,92
594,612,0,-18
3104,3161,0,-57
591,593,0,-2
2916,2913,0,3
751,748,0,3
989,985,0,4
497,492,0,5
1888,1887,0,1
1225,1233,0,-8
2025,2185,0,-160
1814,1812,0,2
1129,1127,0,2
2158,2134,0,24
1478,1492,0,-14
862,833,0,29
436,481,0,-45
1016,993,0,23
1389,1425,0,-36
1416,1398,0,18
557,558,0,-1
3839,3905,0,-66
2625,2614,0,11
1096,1092,0,4
2123,2127,0,-4
962,1012,0,-50
746,732,0,14
3047,3014,0,33
553,544,0,9
944,944,0,0
1971,1974,0,-3
823,830,0,-7
1046,1092,0,-46
2277,2083,0,194
853,864,0,-11
2871,2785,0,86
1886,1892,0,-6
1387,1372,0,15
2275,2292,0,-17
691,687,0,4
1631,1638,0,-7
2595,2598,0,-3
2500,2425,0,75
2425,2332,0,93
2332,2332,0,0
1339,1305,0,34
759,772,0,-13
1439,1433,0,6
1310,1304,0,6
1086,1081,0,5
932,953,0,-21
902,892,0,10
1257,1252,0,5
1921,1927,0,-6
1353,1367,0,-14
2423,2321,0,102
1219,1207,0,12
1853,2177,0,-324
2952,2961,0,-9
972,1094,0,-122
983,993,0,-10
1862,1865,0,-3
1675,1673,0,2
1498,1492,0,6
981,945,0,36
2026,1913,0,113
1081,1073,0,8
1396,1393,0,3
1212,1212,0,0
989,972,0,17
2963,2961,0,2
746,681,0,65
1908,1932,0,-24
1986,1974,0,12
1309,1294,0,15
587,585,0,2
2383,2265,0,118
469,601,0,-132
736,744,0,-8
688,687,0,1
820,812,0,8
833,838,0,-5
950,945,0,5
903,892,0,11
1888,1881,0,7
522,521,0,1
838,774,0,64
1232,1233,0,-1
541,544,0,-3
673,665,0,8
381,384,0,-3
579,614,0,-35
807,801,0,6
1207,1198,0,9
2296,2281,0,15
3111,3113,0,-2
2793,2801,0,-8
486,494,0,-8
942,913,0,29
764,761,0,3
1723,1732,0,-9
1472,1454,0,18
2536,2793,0,-257
1002,5001,0,-3999
1197,1198,0,-1
2895,2892,0,3
2857,2865,0,-8
3060,3052,0,8
2886,2905,0,-19
935,932,0,3
1268,1265,0,3
674,665,0,9
1255,1252,0,3
1015,1038,0,-23
318,313,0,5
557,561,0,-4
488,494,0,-6
495,504,0,-9
624,614,0,10
1336,1242,0,94
2367,2361,0,6
557,385,0,172
299,294,0,5
307,294,0,13
988,,,
1253,1414,0,-161
1230,1214,0,16
2480,2452,0,28
922,922,0,0
1578,1572,0,6
884,904,0,-20
1262,1254,0,8
996,647,0,349
536,532,0,4
2408,2372,0,36
891,892,0,-1
1851,1852,0,-1
695,692,0,3
626,624,0,2
711,574,0,137
472,465,0,7
1544,1561,0,-17
1024,972,0,52
1064,1073,0,-9
2017,1945,0,72
2329,2313,0,16
1443,1412,0,31
618,612,0,6
297,294,0,3
883,868,0,15
816,812,0,4
1444,1441,0,3
1360,1345,0,15
2322,2332,0,-10
1792,1793,0,-1
901,913,0,-12
1333,1332,0,1
929,913,0,16
2020,2014,0,6
744,734,0,10
3625,3793,0,-168
1820,1812,0,8
731,732,0,-1
371,393,0,-22
1203,1201,0,2
1110,1113,0,-3
1891,1905,0,-14
2531,2523,0,8
2581,2572,0,9
2148,2145,0,3
688,814,0,-126
2212,2201,0,11
1317,1321,0,-4
541,673,0,-132
988,1105,0,-117
483,487,0,-4
1977,1985,0,-8
1134,1113,0,21
1115,1113,0,2
808,825,0,-17
908,892,0,16
368,372,0,-4
2869,2945,0,-76
918,905,0,13
310,313,0,-3
1913,2273,0,-360
1795,1793,0,2
1616,1612,0,4
242,228,0,14
584,584,0,0
1982,1972,0,10
2226,2225,0,1
586,584,0,2
2394,2412,0,-18
1486,1492,0,-6
2014,2025,0,-11
1187,,,
954,958,0,-4
1356,1344,0,12
600,601,0,-1
607,612,0,-5
2026,2193,0,-167
1388,1372,0,16
1093,1078,0,15
2407,2425,0,-18
1696,1692,0,4
2692,2753,0,-61
1036,772,0,264
1213,1212,0,1
973,972,0,1
1723,1721,0,2
1933,1913,0,20
2374,5593,0,-3219
808,852,0,-44
1139,1132,0,7
360,353,0,7
1120,1134,0,-14
1921,1932,0,-11
774,753,0,21
1980,1985,0,-5
1880,1904,0,-24
1030,1033,0,-3
859,852,0,7
3165,3207,0,-42
2157,2153,0,4
1045,1041,0,4
941,932,0,9
791,793,0,-2
1850,1847,0,3
1200,1185,0,15
973,985,0,-12
688,692,0,-4
1184,1184,0,0
2532,2545,0,-13
2261,2292,0,-31
643,652,0,-9
1679,1665,0,14
1057,1052,0,5
1897,1892,0,5
543,544,0,-1
536,527,0,9
639,638,0,1
2257,2252,0,5
2915,2868,0,47
603,561,0,42
877,887,0,-10
2390,2425,0,-35
1021,1001,0,20
928,932,0,-4
801,807,0,-6
2900,2881,0,19
2252,2254,0,-2
1039,1038,0,1
1606,1607,0,-1
1527,1527,0,0
1783,1758,0,25
1722,1705,0,17
1741,2185,0,-444
1646,1638,0,8
1318,1313,0,5
1270,1265,0,5
806,785,0,21
1703,1753,0,-50
659,647,0,12
1087,1092,0,-5
600,614,0,-14
1191,1184,0,7
1931,1932,0,-1
849,852,0,-3
953,944,0,9
891,894,0,-3
855,852,0,3
3413,3393,0,20
1107,1105,0,2
2388,2292,0,96
1363,1334,0,29
1850,1905,0,-55
605,598,0,7
3115,3121,0,-6
650,681,0,-31
971,985,0,-14
1055,1054,0,1
1527,1527,0,0
1002,993,0,9
2369,2361,0,8
957,953,0,4
1001,1014,0,-13
1729,1713,0,16
334,353,0,-19
1772,1433,0,339
1071,1064,0,7
886,894,0,-8
694,774,0,-80
1187,1184,0,3
1073,1073,0,0
606,612,0,-6
3740,3713,0,27
2308,2025,0,283
1992,2025,0,-33
2418,2385,0,33
1183,1193,0,-10
1605,1625,0,-20
631,627,0,4
1205,1193,0,12
1081,1065,0,16
1607,1601,0,6
1155,1185,0,-30
2879,2972,0,-93
951,958,0,-7
1936,1945,0,-9
209,193,0,16
924,927,0,-3
887,873,0,14
416,412,0,4
908,913,0,-5
485,481,0,4
2746,2721,0,25
830,1694,0,-864
1369,1374,0,-5
781,784,0,-3
421,372,0,49
2881,2873,0,8
386,385,0,1
1408,1425,0,-17
1082,1054,0,28
1406,1407,0,-1
1037,1025,0,12
1334,1332,0,2
953,953,0,0
411,294,0,117
935,932,0,3
491,545,0,-54
1185,1174,0,11
554,585,0,-31
2416,2425,0,-9
1559,1545,0,14
2115,2113,0,2
1412,1401,0,11
2116,2113,0,3
2059,2065,0,-6
1121,1118,0,3
976,985,0,-9
276,278,0,-2
1634,1633,0,1
703,718,0,-15
2058,2033,0,25
1715,1713,0,2
1839,1838,0,1
923,934,0,-11
2017,2012,0,5
2552,2505,0,47
1946,1585,0,361
1006,1007,0,-1
1670,1654,0,16
1212,1207,0,5
2051,2052,0,-1
3279,3265,0,14
872,878,0,-6
732,744,0,-12
917,905,0,12
930,932,0,-2
474,492,0,-18
811,3454,0,-2643
493,513,0,-20
2246,2233,0,13
706,708,0,-2
1202,1212,0,-10
1404,1401,0,3
1452,1454,0,-2
2790,2785,0,5
1278,1305,0,-27
730,732,0,-2
2129,2073,0,56
527,505,0,22
992,944,0,48
576,561,0,15
715,718,0,-3
1594,1601,0,-7
958,958,0,0
707,713,0,-6
1178,1172,0,6
1269,1247,0,22
1945,1945,0,0
1986,1985,0,1
2780,2772,0,8
1051,1065,0,-14
1964,1967,0,-3
615,598,0,17
427,424,0,3
1603,1601,0,2
2283,2265,0,18
1419,1393,0,26
1404,1105,0,299
312,307,0,5
760,767,0,-7
1102,1104,0,-2
950,945,0,5
880,793,0,87
1125,1113,0,12
963,967,0,-4
1164,1113,0,51
626,633,0,-7
1614,1607,0,7
3076,3105,0,-29
1364,1401,0,-37
1076,1065,0,11
1066,1064,0,2
1430,1425,0,5
462,447,0,15
2588,2601,0,-13
626,627,0,-1
2092,2145,0,-53
1074,1078,0,-4
2298,2321,0,-23
3320,3345,0,-25
1406,193,0,1213
550,545,0,5
750,774,0,-24
1633,1625,0,8
543,561,0,-18
2458,2452,0,6
227,225,0,2
714,704,0,10
799,793,0,6
742,721,0,21
1301,1292,0,9
2004,2012,0,-8
1241,1252,0,-11
769,3881,0,-3112
755,758,0,-3
1044,1052,0,-8
1175,1172,0,3
319,318,0,1
2165,2172,0,-7
309,304,0,5
592,574,0,18
853,852,0,1
1155,1161,0,-6
867,854,0,13
768,745,0,23
374,393,0,-19
996,,,
321,318,0,3
739,744,0,-5
802,734,0,68
1161,1167,0,-6
1049,2694,0,-1645
1429,1454,0,-25
884,865,0,19
478,393,0,85
817,812,0,5
318,318,0,0
878,892,0,-14
473,478,0,-5
2066,1961,0,105
776,774,0,2
1053,1041,0,12
1375,1385,0,-10
2111,2132,0,-21
604,593,0,11
4559,4292,0,267
998,985,0,13
972,953,0,19
2094,1945,0,149
1307,1292,0,15
571,572,0,-1
1026,1073,0,-47
1098,1073,0,25
278,264,0,14
1189,1134,0,55
1000,998,0,2
791,774,0,17
828,864,0,-36
842,745,0,97
1958,1894,0,64
2457,2425,0,32
1489,1487,0,2
1446,1452,0,-6
959,972,0,-13
1413,1414,0,-1
922,913,0,9
247,254,0,-7
3119,3113,0,6
399,424,0,-25
1038,993,0,45
1098,1092,0,6
1223,1233,0,-10
2045,1945,0,100
1538,1665,0,-127
1938,1927,0,11
2479,2412,0,67
2704,2692,0,12
1338,1345,0,-7
359,370,0,-11
1901,1913,0,-12
998,985,0,13
1703,1705,0,-2
1010,1025,0,-15
797,801,0,-4
759,734,0,25
1512,1487,0,25
1647,1633,0,14
175,167,0,8
1119,1132,0,-13
2209,2185,0,24
603,612,0,-9
2083,2153,0,-70
3673,3665,0,8
807,807,0,0
2384,2401,0,-17
957,953,0,4
1463,1452,0,11
886,918,0,-32
1040,1047,0,-7
1017,1024,0,-7
2658,2665,0,-7
996,985,0,11
423,407,0,16
1307,1294,0,13
1475,1494,0,-19
1298,1292,0,6
1182,1172,0,10
389,412,0,-23
1348,1332,0,16
765,761,0,4
901,913,0,-12
712,713,0,-1
694,694,0,0
2138,2132,0,6
1009,1012,0,-3
1586,1553,0,33
910,905,0,5
1399,1393,0,6
206,214,0,-8
2374,2414,0,-40
1200,1184,0,16
894,785,0,109
1172,1254,0,-82
562,4212,0,-3650
2041,,,
1230,1225,0,5
2205,2294,0,-89
494,527,0,-33
763,761,0,2
1162,1153,0,9
1063,1054,0,9
1100,1094,0,6
1646,1641,0,5
1629,1641,0,-12
2590,2665,0,-75
2703,2692,0,11
1055,1052,0,3
1228,1225,0,3
2751,2665,0,86
1049,1041,0,8
802,812,0,-10
959,1094,0,-135
1860,2238,0,-378
564,612,0,-48
3007,2985,0,22
1491,1487,0,4
3263,3265,0,-2
1064,1064,0,0
1897,1892,0,5
860,852,0,8
1357,1345,0,12
1360,1372,0,-12
702,720,0,-18
1160,1153,0,7
2139,2132,0,7
2117,2127,0,-10
523,4278,0,-3755
1324,1198,0,126
1715,1713,0,2
683,652,0,31
724,721,0,3
3656,3958,0,-302
937,932,0,5
1440,1433,0,7
3497,3532,0,-35
1130,1132,0,-2
2747,2734,0,13
1678,1665,0,13
1650,1647,0,3
3862,3865,0,-3
1549,1545,0,4
940,934,0,6
1775,1785,0,-10
630,614,0,16
1081,993,0,88
1401,1385,0,16
1775,1625,0,150
359,353,0,6
1032,1047,0,-15
2162,2163,0,-1
1354,3793,0,-2439
576,572,0,4
3438,3425,0,13
630,625,0,5
2061,2065,0,-4
1142,1134,0,8
830,838,0,-8
420,414,0,6
447,598,0,-151
1697,1772,0,-75
1189,1201,0,-12
2254,2078,0,176
1892,1892,0,0
2862,2833,0,29
1039,1041,0,-2
1564,1574,0,-10
1319,1305,0,14
1119,1113,0,6
1634,1665,0,-31
604,607,0,-3
905,904,0,1
652,652,0,0
1840,1798,0,42
1547,1345,0,202
925,918,0,7
531,5198,0,-4667
422,393,0,29
1702,1745,0,-43
542,545,0,-3
1337,1334,0,3
2787,2812,0,-25
1122,1121,0,1
1695,1473,0,222
2179,2185,0,-6
317,318,0,-1
346,344,0,2
856,865,0,-9
1551,1665,0,-114
3081,3113,0,-32
2471,2441,0,30
1238,1225,0,13
1204,1201,0,3
2084,2065,0,19
1203,1212,0,-9
1234,1233,0,1
288,425,0,-137
954,961,0,-7
641,625,0,16
1011,1012,0,-1
1453,1441,0,12
1337,1327,0,10
2879,3625,0,-746
1379,1372,0,7
612,612,0,0
1655,1654,0,1
2087,2092,0,-5
1033,1024,0,9
618,647,0,-29
1054,1047,0,7
1603,5873,0,-4270
1283,1305,0,-22
1090,,,
1090,1092,0,-2
2173,2214,0,-41
1222,1225,0,-3
283,281,0,2
468,465,0,3
1323,1345,0,-22
2428,2553,0,-125
2784,2854,0,-70
557,558,0,-1
1028,1025,0,3
901,892,0,9
1290,1305,0,-15
2937,2945,0,-8
733,734,0,-1
833,825,0,8
1584,1553,0,31
1801,1785,0,16
824,825,0,-1
872,865,0,7
1884,1892,0,-8
751,744,0,7
1898,1892,0,6
1304,1292,0,12
1264,1225,0,39
624,614,0,10
913,904,0,9
984,985,0,-1
865,852,0,13
2525,2521,0,4
1066,4374,0,-3308
829,878,0,-49
3203,3225,0,-22
3165,3153,0,12
1732,1814,0,-82
1324,1318,0,6
1248,1233,0,15
869,865,0,4
588,598,0,-10
191,193,0,-2
849,864,0,-15
2042,2073,0,-31
1009,1024,0,-15
309,334,0,-25
692,1242,0,-550
1106,1132,0,-26
694,473,0,221
1135,1132,0,3
575,572,0,3
2593,2572,0,21
1784,1772,0,12
551,534,0,17
1302,1292,0,10
1641,1625,0,16
798,812,0,-14
2048,2041,0,7
1015,1012,0,3
1112,1534,0,-422
1207,1207,0,0
2532,2505,0,27
836,838,0,-2
911,913,0,-2
999,993,0,6
1263,1265,0,-2
1406,1407,0,-1
1532,1505,0,27
597,598,0,-1
1513,1513,0,0
853,825,0,28
2727,2721,0,6
1379,1401,0,-22
855,825,0,30
194,201,0,-7
1381,1374,0,7
3743,3745,0,-2
1121,1132,0,-11
2520,2492,0,28
1048,1041,0,7
2148,2121,0,27
309,313,0,-4
2050,2065,0,-15
310,304,0,6
867,873,0,-6
1189,1172,0,17
1843,1841,0,2
2199,2225,0,-26
1049,1064,0,-15
759,767,0,-8
697,705,0,-8
2522,2505,0,17
3084,3094,0,-10
1211,1185,0,26
1100,953,0,147
589,593,0,-4
1393,,,
613,625,0,-12
1900,1892,0,8
1270,1252,0,18
492,492,0,0
1561,1567,0,-6
2877,2873,0,4
430,454,0,-24
1242,1241,0,1
1579,1593,0,-14
1498,1492,0,6
1844,1905,0,-61
2609,2532,0,77
524,534,0,-10
447,441,0,6
3839,3945,0,-106
1333,1332,0,1
1446,1433,0,13
2357,2372,0,-15
1562,1553,0,9
1737,1721,0,16
530,532,0,-2
1366,1374,0,-8
351,412,0,-61
1138,1144,0,-6
499,504,0,-5
786,798,0,-12
632,625,0,7
976,974,0,2
318,3913,0,-3595
1117,1113,0,4
930,905,0,25
1562,1545,0,17
1024,1033,0,-9
606,607,0,-1
3403,3492,0,-89
1943,1932,0,11
1039,1334,0,-295
3384,3145,0,239
1470,1464,0,6
2743,2734,0,9
1254,1425,0,-171
856,852,0,4
1255,1247,0,8
2733,2732,0,1
1292,1207,0,85
440,5201,0,-4761
3250,3094,0,156
702,705,0,-3
409,412,0,-3
887,932,0,-45
2001,2025,0,-24
2989,2945,0,44
831,824,0,7
428,452,0,-24
1751,1745,0,6
2559,2572,0,-13
1012,1012,0,0
1055,1065,0,-10
948,673,0,275
771,772,0,-1
1383,1385,0,-2
1563,1561,0,2
1940,1905,0,35
331,332,0,-1
1087,1092,0,-5
877,865,0,12
2646,2633,0,13
1110,1113,0,-3
3520,3505,0,15
3025,3121,0,-96
1028,1012,0,16
892,854,0,38
2699,2692,0,7
2300,2233,0,67
884,2508,0,-1624
1856,1878,0,-22
1177,1172,0,5
3259,3305,0,-46
252,252,0,0
917,932,0,-15
208,212,0,-4
803,801,0,2
510,521,0,-11
651,647,0,4
2466,2465,0,1
1635,1633,0,2
1101,1113,0,-12
2986,2905,0,81
952,953,0,-1
429,428,0,1
1088,1054,0,34
2270,2265,0,5
1292,1185,0,107
812,801,0,11
1557,1553,0,4
616,612,0,4
445,452,0,-7
468,467,0,1
745,732,0,13
1106,1092,0,14
1122,1132,0,-10
1057,1052,0,5
1097,1113,0,-16
718,727,0,-9
1189,1193,0,-4
2222,2172,0,50
2556,2505,0,51
965,974,0,-9
921,932,0,-11
1538,1532,0,6
2184,2193,0,-9
1943,1932,0,11
600,612,0,-12
982,1025,0,-43
1711,1692,0,19
484,494,0,-10
486,1993,0,-1507
195,201,0,-6
688,687,0,1
2303,2265,0,38
795,793,0,2
1094,1104,0,-10
3004,2985,0,19
1585,1585,0,0
2186,2172,0,14
1158,1132,0,26
1417,1412,0,5
3394,3425,0,-31
653,652,0,1
3192,3225,0,-33
1488,1505,0,-17
1588,1585,0,3
657,654,0,3
2183,2172,0,11
1292,1305,0,-13
1263,1264,0,-1
1367,1361,0,6
710,713,0,-3
1326,1353,0,-27
1119,1113,0,6
1440,1438,0,2
2371,2345,0,26
908,913,0,-5
885,878,0,7
1436,1452,0,-16
2040,1972,0,68
254,254,0,0
1426,1385,0,41
2247,2212,0,35
931,913,0,18
3859,3732,0,127
568,593,0,-25
2873,2785,0,88
1511,1513,0,-2
1835,1825,0,10
1827,1812,0,15
2599,2593,0,6
1289,1092,0,197
2850,2705,0,145
1001,1007,0,-6
908,905,0,3
1124,1121,0,3
1308,1294,0,14
1787,1785,0,2
2204,2185,0,19
965,972,0,-7
917,927,0,-10
1523,1492,0,31
1200,1212,0,-12
716,734,0,-18
1889,1892,0,-3
905,905,0,0
831,841,0,-10
1336,,,
1867,1887,0,-20
611,612,0,-1
721,721,0,0
2034,2025,0,9
1028,1014,0,14
1024,993,0,31
798,785,0,13
1645,1572,0,73
1189,1174,0,15
574,572,0,2
839,841,0,-2
880,841,0,39
327,327,0,0
1673,1654,0,19
723,721,0,2
1566,1558,0,8
1257,1233,0,24
1184,1172,0,12
391,412,0,-21
586,584,0,2
1898,1932,0,-34
3465,3614,0,-149
648,633,0,15
814,812,0,2
1012,1012,0,0
691,,,
1717,1692,0,25
653,654,0,-1
1339,1344,0,-5
843,841,0,2
1199,1203,0,-4
3333,3353,0,-20
1028,1025,0,3
1743,1732,0,11
677,654,0,23
674,,,
2795,2894,0,-99
1415,1412,0,3
2306,2292,0,14
2450,2425,0,25
1343,1332,0,11
532,532,0,0
1386,1001,0,385
1965,1993,0,-28
1458,1452,0,6
1006,1014,0,-8
913,913,0,0
422,454,0,-32
1332,1313,0,19
951,953,0,-2
2613,2625,0,-12
448,467,0,-19
2179,2201,0,-22
2751,2734,0,17
1573,1553,0,20
2047,2065,0,-18
1263,1254,0,9
467,467,0,0
677,694,0,-17
2707,2745,0,-38
2435,2414,0,21
1171,1172,0,-1
686,687,0,-1
797,,,
925,932,0,-7
657,665,0,-8
273,278,0,-5
702,692,0,10
825,825,0,0
2969,2953,0,16
316,304,0,12
1133,1174,0,-41
728,727,0,1
1323,1313,0,10
2619,2612,0,7
963,972,0,-9
464,494,0,-30
813,807,0,6
561,574,0,-13
660,652,0,8
1873,1852,0,21
1439,1452,0,-13
935,934,0,1
519,513,0,6
1891,1932,0,-41
996,993,0,3
819,878,0,-59
1810,1825,0,-15
835,825,0,10
285,281,0,4
3319,3332,0,-13
2921,2921,0,0
2401,2393,0,8
1036,1041,0,-5
1240,1252,0,-12
1862,1767,0,95
918,913,0,5
255,273,0,-18
2082,3833,0,-1751
1337,1334,0,3
2303,1233,0,1070
1005,998,0,7
1601,1614,0,-13
530,527,0,3
1401,1407,0,-6
1068,1067,0,1
2741,2745,0,-4
2139,2145,0,-6
1860,1934,0,-74
689,692,0,-3
731,727,0,4
1518,1513,0,5
1781,1785,0,-4
2837,2833,0,4
1173,1294,0,-121
1092,1065,0,27
1092,1087,0,5
2707,2585,0,122
2787,2793,0,-6
1574,1545,0,29
1881,1887,0,-6
615,612,0,3
1420,1412,0,8
722,727,0,-5
1121,1094,0,27
1220,1212,0,8
512,505,0,7
981,974,0,7
1955,1865,0,90
3370,3425,0,-55
2012,2007,0,5
1575,1561,0,14
1295,1305,0,-10
2501,2385,0,116
1672,1665,0,7
2825,2753,0,72
1168,1158,0,10
1041,1052,0,-11
796,734,0,62
956,953,0,3
1945,1953,0,-8
774,785,0,-11
536,532,0,4
331,327,0,4
769,833,0,-64
538,545,0,-7
956,953,0,3
3075,3094,0,-19
2631,2633,0,-2
1550,1553,0,-3
342,345,0,-3
2631,2625,0,6
1979,1974,0,5
536,545,0,-9
1762,1753,0,9
758,758,0,0
1752,1761,0,-9
2609,2532,0,77
1930,1932,0,-2
1782,1793,0,-11
2560,2452,0,108
574,585,0,-11
3552,3625,0,-73
647,678,0,-31
994,1012,0,-18
1721,1705,0,16
2092,2113,0,-21
1110,1104,0,6
840,833,0,7
1330,1327,0,3
1558,1558,0,0
397,398,0,-1
1124,1121,0,3
1558,1572,0,-14
1552,1565,0,-13
1479,1494,0,-15
2518,2532,0,-14
3485,3492,0,-7
874,881,0,-7
1538,1492,0,46
807,833,0,-26
626,633,0,-7
448,473,0,-25
1490,1492,0,-2
926,921,0,5
1891,,,
268,294,0,-26
1139,1132,0,7
1489,1505,0,-16
541,532,0,9
3491,3492,0,-1
1841,1913,0,-72
1445,1452,0,-7
2878,2894,0,-16
1366,1374,0,-8
1523,1532,0,-9
1181,1172,0,9
648,641,0,7
979,5694,0,-4715
1981,1972,0,9
1622,1625,0,-3
2298,2305,0,-7
954,958,0,-4
3592,3593,0,-1
2502,2545,0,-43
3348,3425,0,-77
740,753,0,-13
2530,2527,0,3
1326,1313,0,13
675,652,0,23
988,993,0,-5
2236,2238,0,-2
2595,2985,0,-390
1622,1612,0,10
449,4984,0,-4535
1137,1065,0,72
2080,2065,0,15
2151,2145,0,6
2491,2473,0,18
476,481,0,-5
513,513,0,0
507,521,0,-14
1095,1092,0,3
640,652,0,-12
667,664,0,3
1920,1913,0,7
3843,3838,0,5
1216,1212,0,4
469,467,0,2
670,673,0,-3
504,513,0,-9
882,694,0,188
777,774,0,3
411,407,0,4
994,972,0,22
1059,1065,0,-6
746,753,0,-7
1160,1161,0,-1
2469,2505,0,-36
1394,1372,0,22
1893,1894,0,-1
1319,1321,0,-2
1013,1012,0,1
1143,1127,0,16
1076,1078,0,-2
956,945,0,11
2439,2441,0,-2
1267,1252,0,15
2174,2167,0,7
1556,1553,0,3
704,692,0,12
1856,1847,0,9
1140,1132,0,8
1120,1132,0,-12
1505,1521,0,-16
722,732,0,-10
892,1087,0,-195
1831,1785,0,46
1469,1465,0,4
2143,2065,0,78
1042,1025,0,17
1082,1433,0,-351
1194,1172,0,22
360,353,0,7
1043,1214,0,-171
1858,1854,0,4
1207,1212,0,-5
1197,1172,0,25
203,198,0,5
1197,1207,0,-10
801,801,0,0
709,705,0,4
487,492,0,-5
621,627,0,-6
805,801,0,4
2468,2313,0,155
838,892,0,-54
336,344,0,-8
774,777,0,-3
2124,2134,0,-10
491,492,0,-1
963,961,0,2
663,664,0,-1
1256,1273,0,-17
429,433,0,-4
1245,1252,0,-7
3023,2985,0,38
2063,2065,0,-2
674,2865,0,-2191
1590,1572,0,18
1041,1054,0,-13
1794,1785,0,9
836,833,0,3
933,932,0,1
1088,1145,0,-57
890,927,0,-37
1291,1374,0,-83
2089,2092,0,-3
1303,1313,0,-10
1943,1945,0,-2
1027,1024,0,3
1312,1332,0,-20
1492,1481,0,11
1015,1014,0,1
1089,1092,0,-3
3477,3345,0,132
2007,2014,0,-7
1535,1527,0,8
1569,1585,0,-16
2111,2105,0,6
1293,1265,0,28
725,913,0,-188
1130,1132,0,-2
436,433,0,3
1060,1052,0,8
682,654,0,28
2138,2132,0,6
1295,1305,0,-10
1618,1625,0,-7
1197,1214,0,-17
390,433,0,-43
589,625,0,-36
864,852,0,12
2265,2265,0,0
198,198,0,0
2819,2801,0,18
842,932,0,-90
174,170,0,4
1678,1673,0,5
937,953,0,-16
1369,1353,0,16
1237,1238,0,-1
889,892,0,-3
817,812,0,5
1044,905,0,139
1856,1852,0,4
526,534,0,-8
699,694,0,5
1304,1294,0,10
1486,1492,0,-6
412,2054,0,-1642
1731,1732,0,-1
1623,1665,0,-42
1454,1452,0,2
3091,3087,0,4
882,892,0,-10
943,932,0,11
1906,1894,0,12
1012,1012,0,0
1733,1734,0,-1
793,787,0,6
623,633,0,-10
1444,1447,0,-3
613,612,0,1
1502,1494,0,8
1890,1905,0,-15
674,665,0,9
998,1012,0,-14
1026,1012,0,14
2058,2033,0,25
790,785,0,5
1584,1561,0,23
1381,1401,0,-20
1020,1014,0,6
1023,1012,0,11
1958,1974,0,-16
1334,1334,0,0
218,225,0,-7
1180,1212,0,-32
1119,,,
1052,1052,0,0
518,513,0,5
1375,1273,0,102
308,313,0,-5
1276,1252,0,24
873,865,0,8
825,833,0,-8
1933,2212,0,-279
867,873,0,-6
2001,1974,0,27
2657,2647,0,10
2323,2273,0,50
1292,1264,0,28
1513,1494,0,19
803,798,0,5
1358,1361,0,-3
424,424,0,0
491,492,0,-1
2531,2523,0,8
2282,2292,0,-10
2130,2265,0,-135
310,318,0,-8
1170,1153,0,17
1949,1934,0,15
574,572,0,2
704,704,0,0
3811,3812,0,-1
3224,3214,0,10
1198,1193,0,5
859,852,0,7
440,438,0,2
1392,1393,0,-1
1030,1033,0,-3
823,833,0,-10
2948,2921,0,27
1386,1385,0,1
1590,1585,0,5
1642,1633,0,9
1053,1054,0,-1
1975,1961,0,14
553,572,0,-19
2481,2492,0,-11
489,481,0,8
2871,2905,0,-34
1299,1225,0,74
1154,1145,0,9
729,374,0,355
2149,2113,0,36
1606,1305,0,301
2804,2814,0,-10
1249,1243,0,6
1562,1561,0,1
1820,1865,0,-45
1013,985,0,28
2104,2132,0,-28
854,852,0,2
605,607,0,-2
1577,1641,0,-64
1123,1105,0,18
806,793,0,13
2155,2158,0,-3
828,824,0,4
1080,4654,0,-3574
2147,2092,0,55
1776,1772,0,4
2590,2572,0,18
1949,1953,0,-4
1287,1265,0,22
947,932,0,15
562,553,0,9
970,873,0,97
914,905,0,9
1713,1694,0,19
1428,1433,0,-5
1015,1024,0,-9
733,772,0,-39
975,932,0,43
644,652,0,-8
1532,1532,0,0
1123,1127,0,-4
756,772,0,-16
2122,2113,0,9
1058,1054,0,4
913,921,0,-8
728,734,0,-6
396,414,0,-18
728,732,0,-4
1373,1367,0,6
715,713,0,2
1318,1318,0,0
1593,1585,0,8
3494,3433,0,61
2383,,,
2282,2153,0,129
701,841,0,-140
1005,1007,0,-2
1504,1518,0,-14
1574,2425,0,-851
2374,2353,0,21
3057,3092,0,-35
3238,3233,0,5
1024,1033,0,-9
961,972,0,-11
2379,2372,0,7
2065,2073,0,-8
1120,1113,0,7
794,785,0,9
782,807,0,-25
1338,1332,0,6
360,344,0,16
909,918,0,-9
822,814,0,8
2161,2158,0,3
956,934,0,22
905,921,0,-16
827,825,0,2
3414,3425,0,-11
2628,2638,0,-10
685,692,0,-7
812,852,0,-40
1523,1505,0,18
817,825,0,-8
3194,3193,0,1
516,544,0,-28
1726,1732,0,-6
2771,2825,0,-54
1369,1353,0,16
1202,1052,0,150
727,734,0,-7
460,494,0,-34
1308,1313,0,-5
2836,2865,0,-29
1387,4414,0,-3027
680,678,0,2
1217,1207,0,10
1589,1593,0,-4
1700,1694,0,6
1502,1492,0,10
1799,1785,0,14
2731,2727,0,4
751,753,0,-2
998,1012,0,-14
2793,2761,0,32
1054,1052,0,2
869,887,0,-18
496,513,0,-17
2907,2881,0,26
954,958,0,-4
1936,1825,0,111
2254,2250,0,4
1614,1633,0,-19
2759,2721,0,38
3120,3113,0,7
1168,4692,0,-3524
1502,,,
2321,2305,0,16
614,607,0,7
1168,1167,0,1
1319,1425,0,-106
1044,1047,0,-3
1301,1385,0,-84
860,852,0,8
1367,1385,0,-18
661,652,0,9
1095,1092,0,3
851,4441,0,-3590
3121,3012,0,109
909,905,0,4
670,678,0,-8
1297,1294,0,3
363,385,0,-22
391,384,0,7
1596,1633,0,-37
432,452,0,-20
527,521,0,6
1459,1452,0,7
1455,1473,0,-18
2414,2252,0,162
1438,1425,0,13
2859,2972,0,-113
1238,1233,0,5
1620,1614,0,6
1306,1292,0,14
1988,1974,0,14
1053,1092,0,-39
1795,1785,0,10
1313,1305,0,8
1642,1652,0,-10
1388,1385,0,3
2395,2372,0,23
564,561,0,3
1345,1345,0,0
1015,1012,0,3
1270,1281,0,-11
626,614,0,12
1508,1505,0,3
1033,1033,0,0
2161,2161,0,0
1095,1092,0,3
1025,1052,0,-27
807,801,0,6
593,593,0,0
1841,1838,0,3
1241,1252,0,-11
1032,1012,0,20
3353,3265,0,88
1118,1105,0,13
1869,1854,0,15
1665,1633,0,32
1608,1614,0,-6
1096,1092,0,4
1115,1252,0,-137
618,654,0,-36
2769,2625,0,144
882,892,0,-10
1434,1454,0,-20
1136,1132,0,4
1543,1534,0,9
537,532,0,5
362,387,0,-25
1898,1892,0,6
781,793,0,-12
1430,1425,0,5
1747,1745,0,2
1619,1612,0,7
486,473,0,13
1066,892,0,174
725,894,0,-169
1383,1374,0,9
1010,5278,0,-4268
653,641,0,12
1082,1087,0,-5
2575,2553,0,22
2425,2407,0,18
1665,1664,0,1
1154,1172,0,-18
475,467,0,8
1011,1012,0,-1
1042,1042,0,0
1230,873,0,357
781,1014,0,-233
282,344,0,-62
879,3185,0,-2306
888,887,0,1
1839,1825,0,14
1085,1087,0,-2
431,558,0,-127
2004,2065,0,-61
374,372,0,2
898,894,0,4
1395,1412,0,-17
1261,5732,0,-4471
2013,2012,0,1
3341,3385,0,-44
1777,1772,0,5
1869,1847,0,22
1620,1625,0,-5
901,892,0,9
1673,1673,0,0
2775,2825,0,-50
736,758,0,-22
2726,2734,0,-8
2193,2193,0,0
2733,2854,0,-121
2224,2212,0,12
1238,1094,0,144
1282,1185,0,97
1461,1478,0,-17
1406,1393,0,13
1864,1892,0,-28
1248,1252,0,-4
1265,1252,0,13
2224,2185,0,39
829,824,0,5
2277,2252,0,25
1751,1745,0,6
1329,1332,0,-3
1041,1047,0,-6
1005,985,0,20
861,865,0,-4
607,612,0,-5
394,398,0,-4
882,892,0,-10
2315,2332,0,-17
2739,2633,0,106
1281,1292,0,-11
2481,2454,0,27
1293,1292,0,1
1024,1052,0,-28
1193,1201,0,-8
1035,1012,0,23
796,,,
1174,1167,0,7
3358,3454,0,-96
1401,1393,0,8
1223,1212,0,11
1565,1654,0,-89
665,664,0,1
974,984,0,-10
1067,1087,0,-20
1018,1014,0,4
764,762,0,2
1880,1881,0,-1
1441,1452,0,-11
958,953,0,5
683,665,0,18
1786,1785,0,1
3724,3732,0,-8
964,972,0,-8
1364,1361,0,3
1387,1305,0,82
1269,1252,0,17
2287,2273,0,14
1091,1092,0,-1
575,585,0,-10
1804,1801,0,3
1418,1412,0,6
590,593,0,-3
958,953,0,5
734,824,0,-90
2834,2841,0,-7
1275,1318,0,-43
1184,1184,0,0
1898,1873,0,25
2300,2305,0,-5
395,398,0,-3
2500,2473,0,27
2347,2305,0,42
1077,1087,0,-10
639,585,0,54
1141,1132,0,9
1744,1745,0,-1
607,612,0,-5
1174,1134,0,40
1654,1233,0,421
992,984,0,8
765,772,0,-7
890,4614,0,-3724
2055,2054,0,1
2607,2665,0,-58
1107,1092,0,15
1101,,,
3433,3385,0,48
384,367,0,17
1110,1113,0,-3
1186,1172,0,14
1176,1167,0,9
836,905,0,-69
3158,3193,0,-35
2064,2345,0,-281
808,801,0,7
1437,1452,0,-15
2085,2092,0,-7
3863,3825,0,38
1807,1812,0,-5
846,847,0,-1
887,958,0,-71
771,772,0,-1
1240,1247,0,-7
2035,2033,0,2
914,905,0,9
804,807,0,-3
1249,1264,0,-15
571,574,0,-3
752,744,0,8
654,652,0,2
1079,1094,0,-15
1184,1184,0,0
246,252,0,-6
1249,1278,0,-29
845,833,0,12
533,532,0,1
582,574,0,8
1131,1145,0,-14
1814,1812,0,2
1809,1812,0,-3
1440,1447,0,-7
1226,1193,0,33
1192,1185,0,7
368,372,0,-4
2829,2865,0,-36
717,704,0,13
3642,3505,0,137
1056,1065,0,-9
729,727,0,2
1115,1113,0,2
3844,4513,0,-669
1825,1812,0,13
848,945,0,-97
507,505,0,2
359,334,0,25
837,847,0,-10
2396,2332,0,64
1677,1681,0,-4
1037,1052,0,-15
1026,1012,0,14
950,945,0,5
948,953,0,-5
1049,1041,0,8
705,705,0,0
3054,2945,0,109
3052,3081,0,-29
1310,1305,0,5
801,793,0,8
1689,1681,0,8
3527,3518,0,9
598,614,0,-16
1725,1732,0,-7
2735,2721,0,14
1143,1172,0,-29
3526,3505,0,21
1253,1254,0,-1
1755,1721,0,34
1969,1972,0,-3
994,993,0,1
584,584,0,0
876,865,0,11
826,827,0,-1
1606,1574,0,32
508,494,0,14
1163,1167,0,-4
1372,1425,0,-53
395,401,0,-6
2412,2412,0,0
932,934,0,-2
1680,1673,0,7
1864,1865,0,-1
2371,2345,0,26
1985,1961,0,24
1231,1254,0,-23
1089,1081,0,8
4868,4881,0,-13
1294,1292,0,2
2239,2282,0,-43
2142,2113,0,29
1846,1852,0,-6
1375,1353,0,22
1018,1113,0,-95
391,607,0,-216
992,998,0,-6
1067,1065,0,2
1115,1092,0,23
1830,1801,0,29
1288,1225,0,63
2654,2633,0,21
470,465,0,5
819,814,0,5
723,721,0,2
1204,1278,0,-74
345,361,0,-16
2244,2241,0,3
3504,3513,0,-9
1300,1305,0,-5
584,561,0,23
871,887,0,-16
2237,2212,0,25
1786,1692,0,94
767,784,0,-17
2510,2473,0,37
1564,1558,0,6
823,814,0,9
1005,1012,0,-7
711,705,0,6
989,993,0,-4
626,624,0,2
694,694,0,0
1709,1692,0,17
1079,1094,0,-15
1267,1254,0,13
3399,3414,0,-15
2239,2241,0,-2
1030,1052,0,-22
945,945,0,0
1276,1265,0,11
1380,1353,0,27
348,344,0,4
569,593,0,-24
828,841,0,-13
1133,1174,0,-41
1450,1447,0,3
999,878,0,121
2745,2793,0,-48
217,214,0,3
442,447,0,-5
622,,,
601,601,0,0
592,584,0,8
1951,1945,0,6
630,625,0,5
906,913,0,-7
869,867,0,2
701,753,0,-52
551,567,0,-16
2645,2593,0,52
929,945,0,-16
345,347,0,-2
1715,1718,0,-3
634,638,0,-4
828,767,0,61
2469,2505,0,-36
3391,3465,0,-74
1118,1153,0,-35
1827,1825,0,2
1310,1313,0,-3
733,732,0,1
3359,3345,0,14
2803,2864,0,-61
2434,2433,0,1
1220,1201,0,19
514,,,
926,921,0,5
1176,1172,0,4
1218,1225,0,-7
1898,1892,0,6
636,625,0,11
2715,2705,0,10
624,713,0,-89
653,654,0,-1
1257,1252,0,5
1215,1212,0,3
2289,2292,0,-3
2331,2305,0,26
1274,1264,0,10
3358,3265,0,93
2332,2105,0,227
711,705,0,6
1142,1144,0,-2
731,732,0,-1
1594,1593,0,1
2445,2492,0,-47
2177,2167,0,10
1064,1073,0,-9
468,465,0,3
1412,1412,0,0
1848,1838,0,10
2810,2814,0,-4
852,838,0,14
2080,2073,0,7
1449,1294,0,155
972,972,0,0
875,865,0,10
931,934,0,-3
2115,2145,0,-30
941,945,0,-4
1185,1174,0,11
846,843,0,3
1951,1953,0,-2
2801,2734,0,67
1293,1292,0,1
301,,,
1048,1047,0,1
1354,1361,0,-7
1431,1425,0,6
1462,1473,0,-11
2469,2483,0,-14
2230,2212,0,18
853,882,0,-29
2173,2174,0,-1
771,772,0,-1
571,574,0,-3
296,292,0,4
693,692,0,1
3173,3161,0,12
848,918,0,-70
690,2727,0,-2037
1623,1625,0,-2
305,318,0,-13
1117,1118,0,-1
2943,2945,0,-2
2079,2073,0,6
1688,1692,0,-4
958,972,0,-14
3527,3494,0,33
2013,2012,0,1
2325,2294,0,31
1253,1273,0,-20
1240,1238,0,2
561,585,0,-24
487,214,0,273
2405,2407,0,-2
605,584,0,21
3389,3332,0,57
2013,1985,0,28
411,412,0,-1
1293,1305,0,-12
2327,2185,0,142
1961,1865,0,96
823,761,0,62
2190,2185,0,5
1185,1174,0,11
521,518,0,3
1603,1593,0,10
644,654,0,-10
1406,1412,0,-6
404,334,0,70
2390,2574,0,-184
1858,1833,0,25
1343,1345,0,-2
1892,1892,0,0
457,452,0,5
1298,1313,0,-15
2967,2945,0,22
1899,1894,0,5
1246,1252,0,-6
1006,1012,0,-6
660,654,0,6
2052,2054,0,-2
2235,2273,0,-38
810,824,0,-14
942,945,0,-3
2101,2092,0,9
2302,2153,0,149
1507,1532,0,-25
1249,1345,0,-96
1073,1065,0,8
1337,1344,0,-7
1897,2121,0,-224
2101,2092,0,9
1647,1652,0,-5
1098,1105,0,-7
2237,2252,0,-15
1121,1118,0,3
705,704,0,1
1415,1393,0,22
930,918,0,12
773,785,0,-12
2955,2953,0,2
1663,1705,0,-42
1390,1372,0,18
2000,1993,0,7
1177,1167,0,10
2031,2033,0,-2
585,624,0,-39
845,887,0,-42
1648,1601,0,47
551,561,0,-10
1223,1225,0,-2
1531,1505,0,26
1056,1145,0,-89
909,904,0,5
463,481,0,-18
1791,1785,0,6
1358,1332,0,26
2384,2385,0,-1
827,814,0,13
1369,1393,0,-24
829,812,0,17
1318,1292,0,26
401,407,0,-6
2536,2532,0,4
1468,1452,0,16
395,425,0,-30
538,1974,0,-1436
985,972,0,13
1172,1225,0,-53
1289,1294,0,-5
2367,2393,0,-26
445,473,0,-28
928,922,0,6
869,873,0,-4
534,532,0,2
603,612,0,-9
768,825,0,-57
1041,1033,0,8
830,825,0,5
649,654,0,-5
977,972,0,5
3430,3433,0,-3
2484,2372,0,112
2726,2732,0,-6
1246,1225,0,21
1208,1212,0,-4
2440,2441,0,-1
2529,2532,0,-3
2896,2927,0,-31
890,894,0,-4
3111,2972,0,139
290,281,0,9
442,438,0,4
2460,2425,0,35
907,934,0,-27
837,830,0,7
1580,1572,0,8
1293,1292,0,1
727,732,0,-5
1433,1438,0,-5
1079,1092,0,-13
1916,1833,0,83
636,614,0,22
2571,2585,0,-14
2024,1892,0,132
1640,1638,0,2
2094,2092,0,2
791,814,0,-23
1121,1145,0,-24
298,287,0,11
1238,1233,0,5
816,814,0,2
2517,2513,0,4
819,814,0,5
797,812,0,-15
1014,1012,0,2
1563,1545,0,18
3152,3094,0,58
330,332,0,-2
320,318,0,2
871,841,0,30
2120,2105,0,15
1246,1252,0,-6
2180,2193,0,-13
2518,2481,0,37
656,652,0,4
1138,1132,0,6
3308,3332,0,-24
1072,1073,0,-1
1633,1612,0,21
535,534,0,1
1496,1505,0,-9
1184,1185,0,-1
1501,1492,0,9
886,894,0,-8
709,633,0,76
1438,1452,0,-14
1046,1052,0,-6
1322,1305,0,17
1022,1025,0,-3
818,801,0,17
1041,1065,0,-24
1319,1321,0,-2
1641,1665,0,-24
3615,3593,0,22
1262,1252,0,10
1996,2007,0,-11
2391,2353,0,38
1740,1732,0,8
485,478,0,7
360,361,0,-1
1526,1518,0,8
3681,,,
800,801,0,-1
2913,2865,0,48
1244,1252,0,-8
1098,1105,0,-7
1633,1625,0,8
3448,3454,0,-6
2201,2198,0,3
1043,1033,0,10
887,905,0,-18
1094,1041,0,53
2440,2425,0,15
2025,2065,0,-40
914,904,0,10
684,692,0,-8
924,927,0,-3
2677,2641,0,36
641,625,0,16
1076,1092,0,-16
1151,1172,0,-21
1726,1745,0,-19
719,798,0,-79
2695,2694,0,1
657,772,0,-115
716,713,0,3
421,424,0,-3
2472,4305,0,-1833
1091,894,0,197
1938,1905,0,33
1360,1332,0,28
846,841,0,5
2049,2052,0,-3
2991,3003,0,-12
2689,,,
925,921,0,4
656,727,0,-71
383,374,0,9
2299,2305,0,-6
2548,2788,0,-240
1871,1873,0,-2
1076,1073,0,3
1393,1398,0,-5
911,913,0,-2
985,985,0,0
405,407,0,-2
897,892,0,5
1049,1052,0,-3
1865,1865,0,0
1683,1673,0,10
3278,3287,0,-9
1227,1212,0,15
1394,1385,0,9
375,1172,0,-797
549,547,0,2
2359,2385,0,-26
841,852,0,-11
3084,3201,0,-117
1109,1105,0,4
984,953,0,31
1341,1332,0,9
771,772,0,-1
261,254,0,7
2188,2172,0,16
1378,1361,0,17
796,854,0,-58
853,1214,0,-361
854,852,0,2
297,304,0,-7
1085,1092,0,-7
2382,2374,0,8
1259,1264,0,-5
1409,1414,0,-5
2579,2633,0,-54
798,801,0,-3
2432,2534,0,-102
1395,1414,0,-19
2424,2414,0,10
1979,1953,0,26
676,681,0,-5
252,264,0,-12
702,713,0,-11
296,334,0,-38
2293,2225,0,68
2653,,,
2296,2313,0,-17
1175,1174,0,1
395,387,0,8
487,481,0,6
2120,2113,0,7
2013,2007,0,6
1977,1958,0,19
847,852,0,-5
1357,1361,0,-4
2004,1974,0,30
405,407,0,-2
1922,1927,0,-5
418,414,0,4
550,561,0,-11
741,745,0,-4
1627,1625,0,2
268,,,
2957,3033,0,-76
3237,3185,0,52
976,993,0,-17
671,673,0,-2
1036,1054,0,-18
695,774,0,-79
1110,1092,0,18
2949,2945,0,4
894,894,0,0
968,972,0,-4
541,545,0,-4
1173,1172,0,1
440,441,0,-1
2381,2412,0,-31
2332,2327,0,5
501,492,0,9
2743,2732,0,11
643,633,0,10
1083,1078,0,5
840,854,0,-14
1477,2337,0,-860
3270,3398,0,-128
2280,,,
3343,3321,0,22
1310,1294,0,16
1344,1332,0,12
2441,2414,0,27
1751,1681,0,70
2254,2265,0,-11
1241,1247,0,-6
1295,1265,0,30
961,953,0,8
1672,1593,0,79
3020,3065,0,-45
1142,1144,0,-2
488,633,0,-145
1278,1273,0,5
1656,1721,0,-65
1132,1073,0,59
967,1185,0,-218
1361,1367,0,-6
880,887,0,-7
514,513,0,1
2919,2852,0,67
1524,1534,0,-10
956,932,0,24
1478,1452,0,26
1070,1064,0,6
1195,1201,0,-6
2392,2385,0,7
799,798,0,1
1533,1132,0,401
1926,1913,0,13
1293,1292,0,1
1547,1532,0,15
1217,1207,0,10
1154,1214,0,-60
2051,2041,0,10
560,574,0,-14
1291,1292,0,-1
2598,2601,0,-3
1335,1367,0,-32
1349,1313,0,36
2260,2273,0,-13
2472,2483,0,-11
805,812,0,-7
1296,1292,0,4
1288,1273,0,15
2362,2372,0,-10
671,673,0,-2
1446,1452,0,-6
1191,1174,0,17
347,334,0,13
2039,2033,0,6
1270,1252,0,18
2614,2601,0,13
934,,,
654,652,0,2
747,745,0,2
416,424,0,-8
489,1012,0,-523
352,388,0,-36
1297,1305,0,-8
1570,1567,0,3
771,793,0,-22
1392,1374,0,18
1264,1254,0,10
797,793,0,4
1914,,,
1253,1241,0,12
3807,3801,0,6
1320,,,
419,412,0,7
1312,1345,0,-33
283,273,0,10
1235,1238,0,-3
343,332,0,11
875,864,0,11
1544,1545,0,-1
1655,1694,0,-39
881,873,0,8
1486,1492,0,-6
2373,2367,0,6
3319,3345,0,-26
580,612,0,-32
1405,1412,0,-7
1995,1894,0,101
2375,2321,0,54
2516,2505,0,11
2642,2633,0,9
885,878,0,7
459,454,0,5
4187,4505,0,-318
1283,1287,0,-4
579,584,0,-5
2887,2647,0,240
1544,1705,0,-161
1965,1972,0,-7
413,412,0,1
352,313,0,39
369,361,0,8
973,967,0,6
1779,1785,0,-6
2448,2465,0,-17
1136,1145,0,-9
1071,1064,0,7
989,1105,0,-116
1828,1812,0,16
1030,1052,0,-22
1948,1961,0,-13
2364,2367,0,-3
2701,2572,0,129
685,633,0,52
2357,2361,0,-4
910,904,0,6
578,585,0,-7
1353,1353,0,0
1430,1414,0,16
610,612,0,-2
1244,1214,0,30
921,913,0,8
719,812,0,-93
1840,1852,0,-12
1681,1678,0,3
829,838,0,-9
1163,1153,0,10
1524,1521,0,3
2987,2993,0,-6
1117,1167,0,-50
3606,3784,0,-178
364,361,0,3
953,932,0,21
1193,1198,0,-5
1536,1465,0,71
853,847,0,6
1985,1985,0,0
2159,2172,0,-13
1498,1492,0,6
961,972,0,-11
420,424,0,-4
650,713,0,-63
3054,3052,0,2
603,612,0,-9
1973,1972,0,1
3394,3401,0,-7
931,927,0,4
549,1652,0,-1103
2317,2345,0,-28
1283,1287,0,-4
502,513,0,-11
1355,1345,0,10
1961,1953,0,8
785,772,0,13
607,607,0,0
1360,,,
1540,1534,0,6
1806,1801,0,5
1226,1225,0,1
1194,1185,0,9
2172,,,
1184,1193,0,-9
1067,1064,0,3
1083,1087,0,-4
985,972,0,13
942,932,0,10
2385,2372,0,13
1496,1504,0,-8
2426,2465,0,-39
512,584,0,-72
2114,2092,0,22
968,972,0,-4
2442,2481,0,-39
1272,1273,0,-1
925,927,0,-2
1091,1094,0,-3
1937,1932,0,5
1500,1492,0,8
1705,1718,0,-13
1213,3105,0,-1892
797,801,0,-4
969,972,0,-3
719,665,0,54
1049,1052,0,-3
634,638,0,-4
1193,1184,0,9
2192,2184,0,8
2166,2161,0,5
950,1105,0,-155
2442,2345,0,97
852,847,0,5
1174,1273,0,-99
1013,1007,0,6
828,833,0,-5
851,847,0,4
1906,1825,0,81
371,385,0,-14
2340,2332,0,8
649,641,0,8
2919,3025,0,-106
1005,998,0,7
801,812,0,-11
570,558,0,12
2920,,,
1056,1052,0,4
463,473,0,-10
1215,1212,0,3
2791,2785,0,6
1010,1012,0,-2
969,961,0,8
966,972,0,-6
537,520,0,17
2922,2854,0,68
1720,1721,0,-1
1428,1534,0,-106
2372,2321,0,51
645,654,0,-9
2190,2193,0,-3
1008,1012,0,-4
1295,1313,0,-18
1575,1553,0,22
1192,1214,0,-22
2345,2361,0,-16
2889,2932,0,-43
1012,2433,0,-1421
1127,1127,0,0
1480,1425,0,55
1273,1281,0,-8
1061,1065,0,-4
610,601,0,9
1457,1625,0,-168
587,681,0,-94
3503,3545,0,-42
2273,2345,0,-72
1646,1641,0,5
1176,1172,0,4
662,664,0,-2
1323,1332,0,-9
1841,1825,0,16
1957,1945,0,12
830,828,0,2
2174,2172,0,2
2552,2534,0,18
2994,2985,0,9
574,585,0,-11
1476,1513,0,-37
1081,1092,0,-11
827,828,0,-1
864,852,0,12
795,798,0,-3
2053,2092,0,-39
2652,2452,0,200
1458,1934,0,-476
2783,2801,0,-18
2867,2873,0,-6
928,932,0,-4
1041,1247,0,-206
1161,1145,0,16
1444,1438,0,6
619,313,0,306
3858,,,
930,553,0,377
2674,2652,0,22
1219,1214,0,5
987,905,0,82
3448,3452,0,-4
1099,1092,0,7
2206,2212,0,-6
1306,1292,0,14
781,798,0,-17
2524,2545,0,-21
1996,1974,0,22
1237,1252,0,-15
1060,1065,0,-5
1721,1713,0,8
695,692,0,3
929,921,0,8
1096,1092,0,4
759,838,0,-79
938,932,0,6
870,873,0,-3
856,847,0,9
1407,1412,0,-5
3539,3545,0,-6
1057,1052,0,5
1106,1105,0,1
2174,2172,0,2
2163,2161,0,2
1109,1121,0,-12
654,624,0,30
3847,3918,0,-71
858,852,0,6
2695,2705,0,-10
1809,1718,0,91
932,927,0,5
2124,2113,0,11
1598,1612,0,-14
1100,1094,0,6
1248,1214,0,34
2137,2153,0,-16
861,633,0,228
423,414,0,9
1167,1145,0,22
234,214,0,20
1053,1052,0,1
1190,1198,0,-8
1200,1185,0,15
1375,1372,0,3
1173,1145,0,28
923,934,0,-11
1464,1452,0,12
981,985,0,-4
859,553,0,306
1016,972,0,44
1031,1024,0,7
869,864,0,5
1082,1092,0,-10
970,961,0,9
1146,1105,0,41
842,842,0,0
803,812,0,-9
1712,1705,0,7
1253,1265,0,-12
499,334,0,165
1216,1212,0,4
1887,1892,0,-5
994,993,0,1
420,414,0,6
2661,2774,0,-113
545,545,0,0
917,927,0,-10
473,4505,0,-4032
2389,2641,0,-252
678,687,0,-9
2290,2252,0,38
1390,1425,0,-35
949,921,0,28
1126,1105,0,21
830,838,0,-8
500,521,0,-21
651,641,0,10
1248,1252,0,-4
523,532,0,-9
974,984,0,-10
267,273,0,-6
1383,1353,0,30
3059,3065,0,-6
1695,1713,0,-18
1244,1247,0,-3
491,492,0,-1
2320,2332,0,-12
2723,2713,0,10
775,,,
288,304,0,-16
1116,1104,0,12
1795,1785,0,10
1424,1452,0,-28
561,558,0,3
2003,1993,0,10
2756,2812,0,-56
1673,1665,0,8
1082,1078,0,4
1038,1033,0,5
1467,1545,0,-78
2058,2033,0,25
1228,1521,0,-293
1389,1393,0,-4
1323,1332,0,-9
1425,1433,0,-8
389,401,0,-12
1901,1913,0,-12
569,561,0,8
493,478,0,15
802,798,0,4
1401,1412,0,-11
1551,1561,0,-10
826,814,0,12
1764,1673,0,91
518,518,0,0
782,798,0,-16
919,922,0,-3
1980,1985,0,-5
1164,1121,0,43
296,304,0,-8
520,527,0,-7
2342,2353,0,-11
1184,1184,0,0
3051,3025,0,26
1312,5407,0,-4095
656,5025,0,-4369
1343,1327,0,16
1477,1694,0,-217
1691,1692,0,-1
1344,1332,0,12
1527,1494,0,33
1429,1438,0,-9
543,544,0,-1
896,894,0,2
2752,2774,0,-22
1168,1105,0,63
1110,1132,0,-22
447,447,0,0
3193,3193,0,0
862,921,0,-59
3093,3161,0,-68
911,927,0,-16
860,934,0,-74
1765,1758,0,7
468,467,0,1
571,505,0,66
1063,1052,0,11
1964,2033,0,-69
1303,1292,0,11
2254,2292,0,-38
1291,1292,0,-1
1990,1972,0,18
1146,1065,0,81
1120,1113,0,7
334,334,0,0
2255,2265,0,-10
775,774,0,1
1386,1372,0,14
2645,2612,0,33
2525,2505,0,20
1339,1334,0,5
933,945,0,-12
635,625,0,10
1999,2012,0,-13
1169,1184,0,-15
499,487,0,12
1255,1265,0,-10
2943,3012,0,-69
295,292,0,3
1596,1601,0,-5
3755,3752,0,3
487,473,0,14
830,843,0,-13
970,972,0,-2
1096,1083,0,13
3812,3785,0,27
1085,1145,0,-60
3896,3814,0,82
855,852,0,3
3362,3574,0,-212
1522,1518,0,4
943,934,0,9
1309,1318,0,-9
1296,1313,0,-17
821,833,0,-12
1990,1993,0,-3
596,584,0,12
621,614,0,7
1594,1593,0,1
1574,1545,0,29
968,932,0,36
1100,1092,0,8
1263,1252,0,11
1087,1092,0,-5
930,3767,0,-2837
1449,1452,0,-3
557,601,0,-44
299,318,0,-19
1240,1225,0,15
765,,,
3454,3534,0,-80
784,774,0,10
678,732,0,-54
3424,3281,0,143
2525,2513,0,12
494,492,0,2
2473,2814,0,-341
1306,1305,0,1
1413,1412,0,1
3128,3132,0,-4
678,687,0,-9
2097,2092,0,5
849,753,0,96
3308,3345,0,-37
2250,2252,0,-2
3445,3505,0,-60
1214,1212,0,2
1441,1412,0,29
1202,1174,0,28
2327,2292,0,35
3047,3265,0,-218
1994,1972,0,22
1764,1745,0,19
2318,2332,0,-14
526,530,0,-4
940,934,0,6
861,864,0,-3
496,504,0,-8
1884,1892,0,-8
570,553,0,17
1182,5104,0,-3922
1325,1692,0,-367
1089,1078,0,11
513,513,0,0
397,401,0,-4
1323,1334,0,-11
2572,2572,0,0
431,438,0,-7
1372,1353,0,19
2086,2052,0,34
2556,2545,0,11
999,998,0,1
512,2047,0,-1535
476,478,0,-2
1436,1452,0,-16
3966,3974,0,-8
1154,1172,0,-18
937,774,0,163
2222,2212,0,10
1681,1665,0,16
758,758,0,0
1082,1092,0,-10
841,833,0,8
1436,1473,0,-37
201,201,0,0
1311,1313,0,-2
690,3873,0,-3183
1105,1094,0,11
1046,1073,0,-27
1066,932,0,134
606,612,0,-6
1729,1745,0,-16
1724,1732,0,-8
518,553,0,-35
968,985,0,-17
1488,1532,0,-44
654,612,0,42
595,584,0,11
876,881,0,-5
695,692,0,3
1874,1993,0,-119
851,833,0,18
1407,1407,0,0
1377,1654,0,-277
1269,1247,0,22
436,433,0,3
1512,1505,0,7
609,612,0,-3
2456,2465,0,-9
319,321,0,-2
1333,1334,0,-1
2282,2305,0,-23
1634,1625,0,9
608,612,0,-4
1115,1104,0,11
1978,1985,0,-7
3123,2972,0,151
808,807,0,1
1350,3214,0,-1864
963,932,0,31
1365,1374,0,-9
620,610,0,10
829,825,0,4
1008,1012,0,-4
2425,2452,0,-27
1538,1553,0,-15
3013,2974,0,39
996,984,0,12
2686,2713,0,-27
885,972,0,-87
2583,2561,0,22
1816,1812,0,4
945,945,0,0
418,414,0,4
2067,2065,0,2
752,774,0,-22
1999,1905,0,94
2830,2894,0,-64
955,972,0,-17
973,972,0,1
1186,993,0,193
629,633,0,-4
1174,1172,0,2
1711,1713,0,-2
2645,2641,0,4
1608,2193,0,-585
806,894,0,-88
826,824,0,2
983,972,0,11
1727,1727,0,0
3343,3505,0,-162
1269,1265,0,4
1392,1407,0,-15
2508,2534,0,-26
2201,2172,0,29
740,722,0,18
1739,5294,0,-3555
1741,1745,0,-4
283,281,0,2
1090,1078,0,12
1658,1654,0,4
1448,1452,0,-4
1148,1105,0,43
1790,1772,0,18
1227,1225,0,2
1809,1812,0,-3
936,944,0,-8
1560,1534,0,26
1602,1593,0,9
2443,2465,0,-22
757,694,0,63
1975,1972,0,3
1020,1025,0,-5
701,705,0,-4
2451,2433,0,18
994,993,0,1
457,464,0,-7
960,967,0,-7
1239,1241,0,-2
1269,1265,0,4
1477,,,
675,673,0,2
945,934,0,11
2361,2334,0,27
2718,2585,0,133
2175,2161,0,14
1036,1041,0,-5
698,5892,0,-5194
792,793,0,-1
1957,1945,0,12
445,441,0,4
2043,2025,0,18
1020,1294,0,-274
1420,1414,0,6
778,772,0,6
2036,2025,0,11
485,481,0,4
611,624,0,-13
801,798,0,3
729,727,0,2
707,721,0,-14
1948,1932,0,16
2868,2625,0,243
1431,1073,0,358
1185,1193,0,-8
2394,2393,0,1
2727,2745,0,-18
1444,1438,0,6
1447,1414,0,33
1267,1265,0,2
434,424,0,10
231,227,0,4
831,833,0,-2
1455,1393,0,62
1042,993,0,49
2186,2185,0,1
2202,2193,0,9
1014,1001,0,13
804,812,0,-8
994,985,0,9
2330,2305,0,25
1170,1145,0,25
562,561,0,1
1152,1145,0,7
1655,1614,0,41
2340,2345,0,-5
902,904,0,-2
1228,1185,0,43
437,433,0,4
867,865,0,2
1224,1212,0,12
1660,1652,0,8
2884,2873,0,11
2258,2254,0,4
2194,2172,0,22
837,894,0,-57
424,414,0,10
718,727,0,-9
1538,1545,0,-7
812,753,0,59
1446,1447,0,-1
1111,1113,0,-2
619,601,0,18
1201,1201,0,0
2017,2012,0,5
396,398,0,-2
3071,3078,0,-7
1076,1073,0,3
2929,2945,0,-16
481,481,0,0
2159,2172,0,-13
704,692,0,12
425,424,0,1
474,505,0,-31
513,544,0,-31
1450,1438,0,12
2480,2225,0,255
3177,3153,0,24
849,2024,0,-1175
292,412,0,-120
3384,3345,0,39
1682,1692,0,-10
1592,1585,0,7
1362,1362,0,0
553,607,0,-54
3110,3118,0,-8
643,625,0,18
1097,1113,0,-16
981,961,0,20
1099,1092,0,7
560,567,0,-7
625,624,0,1
1905,1892,0,13
2710,2734,0,-24
1981,1985,0,-4
306,304,0,2
2665,2625,0,40
624,1024,0,-400
625,624,0,1
875,873,0,2
2653,2673,0,-20
1630,1625,0,5
1516,1504,0,12
921,984,0,-63
2200,2201,0,-1
3157,3214,0,-57
2065,2294,0,-229
1467,1465,0,2
2851,2852,0,-1
1087,1318,0,-231
1476,1478,0,-2
1832,1812,0,20
1220,1252,0,-32
599,574,0,25
851,852,0,-1
1019,1012,0,7
2190,2212,0,-22
1324,1327,0,-3
1695,1692,0,3
1761,1767,0,-6
777,772,0,5
1163,1172,0,-9
976,972,0,4
1058,1041,0,17
1556,1572,0,-16
1158,1167,0,-9
580,572,0,8
1411,1412,0,-1
552,574,0,-22
2859,2894,0,-35
1048,673,0,375
982,1002,0,-20
2404,2305,0,99
614,612,0,2
2313,2145,0,168
1275,1287,0,-12
1754,1732,0,22
2118,2145,0,-27
858,852,0,6
1112,1132,0,-20
3075,3087,0,-12
1243,1233,0,10
2791,2798,0,-7
1162,1172,0,-10
1660,1718,0,-58
567,553,0,14
2932,3174,0,-242
1585,1585,0,0
1373,1384,0,-11
1949,2673,0,-724
2389,1745,0,644
2688,2713,0,-25
2125,2132,0,-7
1186,1172,0,14
2610,,,
1418,1407,0,11
1380,1412,0,-32
829,825,0,4
989,1001,0,-12
1037,1042,0,-5
1840,1847,0,-7
1965,1945,0,20
1077,1087,0,-10
1451,1174,0,277
438,454,0,-16
455,452,0,3
1520,1532,0,-12
379,1918,0,-1539
2679,2673,0,6
2829,2841,0,-12
1178,1172,0,6
2560,2545,0,15
1926,1921,0,5
1423,1433,0,-10
3623,3593,0,30
2554,2553,0,1
417,424,0,-7
2659,2625,0,34
1019,1012,0,7
1150,1153,0,-3
882,894,0,-12
1890,1881,0,9
630,642,0,-12
634,633,0,1
688,692,0,-4
671,665,0,6
1418,1412,0,6
986,1012,0,-26
1925,1985,0,-60
1082,1081,0,1
1111,1113,0,-2
888,887,0,1
2117,2118,0,-1
397,398,0,-1
830,824,0,6
1503,1492,0,11
2463,2561,0,-98
2254,2673,0,-419
546,545,0,1
1048,1073,0,-25
1999,1993,0,6
174,172,0,2
1703,1692,0,11
3246,3345,0,-99
1417,1425,0,-8
1758,1841,0,-83
946,833,0,113
630,633,0,-3
2832,2692,0,140
345,358,0,-13
1417,1412,0,5
2336,2374,0,-38
1159,1172,0,-13
706,707,0,-1
1070,1073,0,-3
748,753,0,-5
2843,2753,0,90
1891,1905,0,-14
1293,1287,0,6
434,393,0,41
2590,2545,0,45
1773,1758,0,15
1243,1242,0,1
356,374,0,-18
1547,1545,0,2
915,918,0,-3
687,5602,0,-4915
503,513,0,-10
1222,1214,0,8
3041,3033,0,8
650,665,0,-15
854,854,0,0
2198,2172,0,26
1031,1024,0,7
518,534,0,-16
383,438,0,-55
1892,1887,0,5
764,,,
3018,3041,0,-23
364,398,0,-34
1134,1134,0,0
4059,3985,0,74
380,385,0,-5
1943,1998,0,-55
2676,2678,0,-2
912,918,0,-6
2112,2094,0,18
883,881,0,2
672,692,0,-20
2593,2574,0,19
309,318,0,-9
2132,2123,0,9
724,747,0,-23
738,1134,0,-396
2212,2198,0,14
1206,1214,0,-8
882,905,0,-23
1343,1345,0,-2
1276,1252,0,24
253,252,0,1
1666,1673,0,-7
862,852,0,10
316,321,0,-5
3043,3065,0,-22
409,425,0,-16
1590,1585,0,5
1123,1105,0,18
208,201,0,7
950,944,0,6
2247,2033,0,214
1099,1092,0,7
1177,1172,0,5
2119,2105,0,14
2621,2614,0,7
252,254,0,-2
1650,1652,0,-2
317,308,0,9
458,452,0,6
722,721,0,1
836,825,0,11
2104,2052,0,52
1310,1294,0,16
1431,1425,0,6
669,673,0,-4
698,705,0,-7
1272,1252,0,20
1063,1033,0,30
680,652,0,28
1475,1478,0,-3
994,988,0,6
3497,3654,0,-157
806,807,0,-1
1082,1073,0,9
315,318,0,-3
1347,1345,0,2
1316,1233,0,83
860,873,0,-13
2704,2665,0,39
734,993,0,-259
2338,2345,0,-7
1536,1465,0,71
3242,3345,0,-103
1047,1047,0,0
1945,1932,0,13
1186,1212,0,-26
1390,1372,0,18
606,607,0,-1
1024,1052,0,-28
1122,1118,0,4
1506,1532,0,-26
1450,1452,0,-2
3147,3134,0,13
875,878,0,-3
1382,1372,0,10
1632,1678,0,-46
1203,1214,0,-11
588,584,0,4
1093,1078,0,15
2963,2953,0,10
2792,2793,0,-1
1930,1921,0,9
1519,1521,0,-2
812,812,0,0
1436,1447,0,-11
1570,1561,0,9
1918,1865,0,53
470,473,0,-3
323,332,0,-9
1360,1353,0,7
1219,1212,0,7
1533,1545,0,-12
650,641,0,9
967,967,0,0
2686,2553,0,133
938,932,0,6
2247,2305,0,-58
1433,1412,0,21
637,785,0,-148
858,854,0,4
1373,1372,0,1
916,4772,0,-3856
613,633,0,-20
654,665,0,-11
1213,1212,0,1
1443,1433,0,10
1422,1412,0,10
2418,2105,0,313
1413,1425,0,-12
1153,1172,0,-19
1208,1212,0,-4
1166,1172,0,-6
893,881,0,12
775,745,0,30
1093,1092,0,1
1380,1372,0,8
3144,3065,0,79
2314,2327,0,-13
603,574,0,29
891,892,0,-1
623,718,0,-95
2348,2334,0,14
973,1033,0,-60
557,553,0,4
1285,1264,0,21
891,892,0,-1
1166,1161,0,5
1059,1065,0,-6
555,534,0,21
629,625,0,4
896,892,0,4
1158,1153,0,5
1507,1527,0,-20
1578,1572,0,6
802,798,0,4
1424,1452,0,-28
456,454,0,2
1204,1207,0,-3
1822,1745,0,77
2710,2705,0,5
1063,1052,0,11
1543,1553,0,-10
1212,1193,0,19
857,852,0,5
1327,,,
1706,1692,0,14
2628,2603,0,25
970,894,0,76
2627,2601,0,26
711,494,0,217
1476,1447,0,29
941,4972,0,-4031
3263,3265,0,-2
580,572,0,8
928,923,0,5
3502,3505,0,-3
323,2347,0,-2024
2002,1972,0,30
215,212,0,3
525,527,0,-2
2389,2372,0,17
268,278,0,-10
2742,2713,0,29
868,878,0,-10
1368,1193,0,175
698,694,0,4
2077,2078,0,-1
1694,1692,0,2
777,774,0,3
913,918,0,-5
2003,2012,0,-9
2551,2505,0,46
1035,1025,0,10
