p_arrival_sample,P_pick,P_probability,P_error
99,99,0,0
498,499,0,-1
98,99,0,-1
99,99,0,0
299,299,0,0
299,297,0,2
598,597,0,1
499,501,0,-2
499,497,0,2
299,299,0,0
299,4958,0,-4659
398,400,0,-2
698,642,0,56
299,299,0,0
398,397,0,1
299,299,0,0
298,299,0,-1
798,797,0,1
898,898,0,0
99,99,0,0
898,899,0,-1
498,499,0,-1
298,297,0,1
299,357,0,-58
699,699,0,0
599,600,0,-1
199,197,0,2
698,697,0,1
498,520,0,-22
798,797,0,1
498,497,0,1
399,400,0,-1
899,897,0,2
299,297,0,2
798,797,0,1
298,297,0,1
799,800,0,-1
199,197,0,2
99,101,0,-2
699,699,0,0
399,405,0,-6
399,,,
298,296,0,2
199,200,0,-1
99,397,0,-298
699,699,0,0
698,800,0,-102
299,299,0,0
898,897,0,1
298,299,0,-1
699,699,0,0
799,800,0,-1
199,200,0,-1
899,537,0,362
199,4950,0,-4751
599,595,0,4
298,297,0,1
399,357,0,42
798,797,0,1
198,200,0,-2
399,400,0,-1
198,195,0,3
698,699,0,-1
798,870,0,-72
398,397,0,1
798,800,0,-2
498,,,
598,97,0,501
98,97,0,1
499,499,0,0
499,499,0,0
698,697,0,1
499,499,0,0
98,4680,0,-4582
598,600,0,-2
299,299,0,0
898,830,0,68
799,800,0,-1
398,5523,0,-5125
698,699,0,-1
799,797,0,2
798,808,0,-10
398,400,0,-2
699,699,0,0
799,797,0,2
498,499,0,-1
198,197,0,1
599,600,0,-1
198,197,0,1
899,899,0,0
499,499,0,0
98,98,0,0
699,699,0,0
798,797,0,1
299,297,0,2
799,800,0,-1
698,800,0,-102
898,899,0,-1
98,,,
299,299,0,0
799,298,0,501
398,397,0,1
298,299,0,-1
498,499,0,-1
198,197,0,1
599,600,0,-1
599,597,0,2
599,600,0,-1
499,499,0,0
498,499,0,-1
898,701,0,197
598,600,0,-2
499,501,0,-2
198,96,0,102
298,299,0,-1
98,197,0,-99
98,99,0,-1
899,897,0,2
199,,,
498,499,0,-1
698,697,0,1
298,299,0,-1
498,499,0,-1
299,299,0,0
598,597,0,1
199,197,0,2
398,400,0,-2
299,299,0,0
98,99,0,-1
599,631,0,-32
598,597,0,1
598,597,0,1
598,597,0,1
699,1507,0,-808
198,496,0,-298
799,806,0,-7
799,800,0,-1
398,399,0,-1
799,797,0,2
199,197,0,2
198,197,0,1
299,297,0,2
798,797,0,1
799,800,0,-1
399,,,
798,797,0,1
398,397,0,1
99,96,0,3
799,797,0,2
299,299,0,0
498,499,0,-1
898,877,0,21
698,699,0,-1
899,899,0,0
598,600,0,-2
798,800,0,-2
298,299,0,-1
399,398,0,1
298,400,0,-102
298,297,0,1
799,800,0,-1
799,797,0,2
498,499,0,-1
398,397,0,1
98,107,0,-9
99,99,0,0
198,197,0,1
98,4519,0,-4421
98,99,0,-1
98,99,0,-1
899,899,0,0
298,299,0,-1
898,898,0,0
499,400,0,99
898,899,0,-1
499,499,0,0
598,800,0,-202
799,797,0,2
498,499,0,-1
498,499,0,-1
499,499,0,0
799,897,0,-98
899,888,0,11
598,597,0,1
199,200,0,-1
199,200,0,-1
398,397,0,1
298,299,0,-1
698,699,0,-1
499,497,0,2
99,99,0,0
698,670,0,28
799,797,0,2
599,597,0,2
98,97,0,1
898,899,0,-1
499,296,0,203
599,600,0,-1
98,99,0,-1
98,99,0,-1
99,96,0,3
899,899,0,0
499,497,0,2
498,597,0,-99
599,897,0,-298
299,497,0,-198
98,4555,0,-4457
398,3668,0,-3270
198,205,0,-7
698,697,0,1
598,597,0,1
298,299,0,-1
598,597,0,1
699,699,0,0
498,499,0,-1
399,397,0,2
498,499,0,-1
199,698,0,-499
98,99,0,-1
498,499,0,-1
599,598,0,1
498,,,
499,499,0,0
298,278,0,20
599,597,0,2
299,297,0,2
299,299,0,0
598,597,0,1
299,397,0,-98
398,397,0,1
299,299,0,0
298,,,
598,597,0,1
199,200,0,-1
199,200,0,-1
899,899,0,0
498,497,0,1
398,397,0,1
99,99,0,0
799,,,
698,699,0,-1
298,298,0,0
698,699,0,-1
599,597,0,2
99,99,0,0
199,197,0,2
298,297,0,1
299,297,0,2
299,299,0,0
299,299,0,0
698,699,0,-1
698,699,0,-1
698,697,0,1
398,400,0,-2
398,397,0,1
799,797,0,2
599,600,0,-1
799,800,0,-1
198,4378,0,-4180
599,600,0,-1
498,498,0,0
199,197,0,2
299,299,0,0
699,699,0,0
199,200,0,-1
598,597,0,1
898,897,0,1
798,797,0,1
299,400,0,-101
498,499,0,-1
498,497,0,1
198,197,0,1
699,699,0,0
99,99,0,0
399,400,0,-1
99,99,0,0
898,899,0,-1
499,499,0,0
498,498,0,0
499,497,0,2
398,399,0,-1
799,800,0,-1
98,98,0,0
199,197,0,2
799,797,0,2
898,898,0,0
799,800,0,-1
199,197,0,2
199,200,0,-1
298,296,0,2
98,99,0,-1
899,897,0,2
898,897,0,1
198,297,0,-99
499,499,0,0
898,899,0,-1
98,298,0,-200
299,299,0,0
798,801,0,-3
899,899,0,0
798,800,0,-2
799,800,0,-1
399,397,0,2
498,499,0,-1
398,397,0,1
698,699,0,-1
298,299,0,-1
798,797,0,1
98,98,0,0
898,800,0,98
298,297,0,1
198,197,0,1
299,297,0,2
199,200,0,-1
299,297,0,2
799,800,0,-1
898,897,0,1
498,501,0,-3
898,899,0,-1
98,200,0,-102
598,301,0,297
599,595,0,4
199,197,0,2
798,700,0,98
599,597,0,2
98,99,0,-1
298,299,0,-1
299,297,0,2
398,397,0,1
98,99,0,-1
198,197,0,1
898,897,0,1
899,897,0,2
399,397,0,2
99,99,0,0
598,600,0,-2
199,200,0,-1
799,797,0,2
898,842,0,56
399,397,0,2
499,497,0,2
299,297,0,2
798,498,0,300
598,600,0,-2
798,797,0,1
598,597,0,1
899,899,0,0
799,877,0,-78
898,501,0,397
599,597,0,2
599,600,0,-1
98,99,0,-1
98,99,0,-1
899,897,0,2
399,4658,0,-4259
498,497,0,1
898,897,0,1
898,800,0,98
199,200,0,-1
299,298,0,1
398,400,0,-2
798,797,0,1
399,398,0,1
399,400,0,-1
298,296,0,2
499,499,0,0
698,699,0,-1
698,600,0,98
898,899,0,-1
199,197,0,2
698,699,0,-1
799,800,0,-1
798,797,0,1
498,497,0,1
199,197,0,2
399,200,0,199
399,400,0,-1
899,897,0,2
899,897,0,2
198,197,0,1
699,698,0,1
798,797,0,1
698,699,0,-1
398,400,0,-2
98,99,0,-1
98,99,0,-1
299,299,0,0
898,899,0,-1
799,797,0,2
198,400,0,-202
498,301,0,197
498,497,0,1
198,197,0,1
98,99,0,-1
498,499,0,-1
198,197,0,1
298,299,0,-1
399,296,0,103
398,394,0,4
299,299,0,0
98,99,0,-1
898,898,0,0
899,899,0,0
98,101,0,-3
398,397,0,1
299,299,0,0
99,99,0,0
799,797,0,2
199,200,0,-1
798,498,0,300
698,897,0,-199
499,499,0,0
599,597,0,2
299,299,0,0
399,397,0,2
298,297,0,1
499,499,0,0
598,597,0,1
98,200,0,-102
99,99,0,0
798,800,0,-2
498,499,0,-1
299,299,0,0
599,597,0,2
798,797,0,1
899,907,0,-8
699,699,0,0
298,297,0,1
899,897,0,2
598,597,0,1
598,597,0,1
499,501,0,-2
499,402,0,97
699,897,0,-198
198,200,0,-2
398,400,0,-2
898,899,0,-1
198,200,0,-2
499,497,0,2
198,200,0,-2
898,897,0,1
99,98,0,1
799,797,0,2
599,597,0,2
898,901,0,-3
499,400,0,99
199,197,0,2
98,99,0,-1
198,197,0,1
298,299,0,-1
198,200,0,-2
299,320,0,-21
198,197,0,1
699,701,0,-2
799,797,0,2
398,397,0,1
199,197,0,2
699,699,0,0
799,797,0,2
898,899,0,-1
398,400,0,-2
498,499,0,-1
699,296,0,403
699,700,0,-1
398,397,0,1
699,699,0,0
399,397,0,2
199,197,0,2
798,797,0,1
498,560,0,-62
598,600,0,-2
399,397,0,2
898,878,0,20
99,400,0,-301
698,,,
698,697,0,1
598,302,0,296
498,501,0,-3
598,600,0,-2
398,400,0,-2
398,397,0,1
198,200,0,-2
98,99,0,-1
99,98,0,1
498,501,0,-3
599,597,0,2
899,897,0,2
499,499,0,0
799,800,0,-1
498,499,0,-1
399,,,
299,299,0,0
398,400,0,-2
798,797,0,1
398,397,0,1
698,699,0,-1
198,197,0,1
198,200,0,-2
198,200,0,-2
399,400,0,-1
499,501,0,-2
799,800,0,-1
99,97,0,2
599,597,0,2
698,697,0,1
399,397,0,2
199,191,0,8
498,499,0,-1
499,400,0,99
799,800,0,-1
299,191,0,108
798,800,0,-2
198,200,0,-2
399,397,0,2
698,699,0,-1
898,897,0,1
198,197,0,1
798,797,0,1
299,298,0,1
598,600,0,-2
799,797,0,2
899,899,0,0
299,398,0,-99
699,697,0,2
899,899,0,0
898,907,0,-9
99,97,0,2
399,400,0,-1
499,497,0,2
498,499,0,-1
199,197,0,2
499,499,0,0
99,99,0,0
599,597,0,2
498,498,0,0
399,397,0,2
899,899,0,0
299,299,0,0
299,299,0,0
698,699,0,-1
799,797,0,2
698,697,0,1
498,499,0,-1
799,697,0,102
899,907,0,-8
99,99,0,0
699,606,0,93
398,398,0,0
899,899,0,0
699,605,0,94
98,98,0,0
898,908,0,-10
899,899,0,0
698,701,0,-3
698,898,0,-200
598,600,0,-2
899,899,0,0
499,499,0,0
299,299,0,0
799,797,0,2
899,898,0,1
98,96,0,2
498,497,0,1
798,797,0,1
99,99,0,0
499,1158,0,-659
299,701,0,-402
198,200,0,-2
498,499,0,-1
799,797,0,2
399,397,0,2
499,497,0,2
198,197,0,1
798,200,0,598
399,397,0,2
199,197,0,2
398,397,0,1
499,497,0,2
599,597,0,2
798,797,0,1
698,699,0,-1
98,99,0,-1
298,299,0,-1
299,299,0,0
498,496,0,2
399,400,0,-1
299,297,0,2
499,497,0,2
398,400,0,-2
399,398,0,1
199,200,0,-1
299,299,0,0
198,197,0,1
699,699,0,0
398,397,0,1
798,797,0,1
598,600,0,-2
198,200,0,-2
699,699,0,0
499,499,0,0
799,800,0,-1
199,200,0,-1
699,677,0,22
398,398,0,0
398,417,0,-19
399,397,0,2
499,499,0,0
898,897,0,1
699,697,0,2
398,398,0,0
899,1280,0,-381
299,299,0,0
599,600,0,-1
898,899,0,-1
398,398,0,0
198,200,0,-2
699,699,0,0
99,99,0,0
899,498,0,401
598,600,0,-2
398,397,0,1
198,200,0,-2
99,99,0,0
798,1757,0,-959
599,600,0,-1
698,897,0,-199
599,597,0,2
99,99,0,0
399,96,0,303
399,397,0,2
599,597,0,2
99,99,0,0
498,507,0,-9
399,400,0,-1
698,699,0,-1
198,197,0,1
198,200,0,-2
699,2120,0,-1421
498,499,0,-1
298,298,0,0
798,797,0,1
198,3554,0,-3356
498,499,0,-1
199,200,0,-1
798,797,0,1
698,697,0,1
799,800,0,-1
199,200,0,-1
399,397,0,2
498,405,0,93
498,499,0,-1
499,499,0,0
599,798,0,-199
699,699,0,0
398,397,0,1
198,197,0,1
198,200,0,-2
799,800,0,-1
298,299,0,-1
199,197,0,2
798,800,0,-2
699,699,0,0
298,297,0,1
899,877,0,22
199,200,0,-1
598,598,0,0
798,797,0,1
598,600,0,-2
899,899,0,0
698,699,0,-1
599,748,0,-149
298,299,0,-1
798,800,0,-2
698,699,0,-1
599,600,0,-1
898,296,0,602
399,397,0,2
199,200,0,-1
199,200,0,-1
198,197,0,1
798,799,0,-1
799,800,0,-1
198,200,0,-2
299,588,0,-289
699,600,0,99
99,98,0,1
699,699,0,0
398,398,0,0
99,99,0,0
99,97,0,2
499,499,0,0
598,600,0,-2
199,200,0,-1
698,697,0,1
398,1630,0,-1232
398,397,0,1
399,397,0,2
499,497,0,2
298,299,0,-1
598,600,0,-2
798,797,0,1
499,499,0,0
899,899,0,0
698,699,0,-1
399,400,0,-1
199,197,0,2
398,400,0,-2
799,200,0,599
199,197,0,2
699,897,0,-198
199,96,0,103
298,402,0,-104
798,800,0,-2
499,499,0,0
598,597,0,1
498,499,0,-1
898,4747,0,-3849
698,701,0,-3
398,397,0,1
699,699,0,0
598,600,0,-2
799,800,0,-1
698,707,0,-9
298,299,0,-1
398,405,0,-7
699,400,0,299
298,297,0,1
899,899,0,0
798,797,0,1
599,597,0,2
98,99,0,-1
599,698,0,-99
699,699,0,0
398,108,0,290
499,499,0,0
798,797,0,1
298,299,0,-1
398,397,0,1
799,800,0,-1
799,797,0,2
399,4470,0,-4071
598,600,0,-2
299,299,0,0
399,397,0,2
398,297,0,101
99,97,0,2
898,899,0,-1
99,99,0,0
699,697,0,2
298,299,0,-1
199,200,0,-1
399,399,0,0
498,499,0,-1
798,797,0,1
698,698,0,0
298,101,0,197
399,400,0,-1
598,697,0,-99
499,507,0,-8
598,597,0,1
698,507,0,191
899,899,0,0
699,697,0,2
99,101,0,-2
99,99,0,0
399,397,0,2
799,791,0,8
198,200,0,-2
98,99,0,-1
599,501,0,98
899,101,0,798
198,200,0,-2
899,899,0,0
199,197,0,2
399,399,0,0
399,400,0,-1
99,99,0,0
599,597,0,2
299,299,0,0
499,496,0,3
398,400,0,-2
598,597,0,1
799,296,0,503
499,499,0,0
498,497,0,1
298,299,0,-1
399,400,0,-1
99,97,0,2
199,197,0,2
399,397,0,2
99,99,0,0
799,797,0,2
199,200,0,-1
299,299,0,0
98,82,0,16
199,200,0,-1
398,400,0,-2
898,899,0,-1
398,600,0,-202
399,400,0,-1
99,99,0,0
198,200,0,-2
398,397,0,1
599,593,0,6
498,497,0,1
598,697,0,-99
599,600,0,-1
899,899,0,0
899,898,0,1
98,99,0,-1
198,200,0,-2
799,797,0,2
298,299,0,-1
98,99,0,-1
798,797,0,1
598,594,0,4
298,297,0,1
699,697,0,2
499,499,0,0
499,499,0,0
498,499,0,-1
198,195,0,3
899,898,0,1
799,797,0,2
99,97,0,2
698,697,0,1
598,597,0,1
499,499,0,0
98,99,0,-1
698,501,0,197
498,508,0,-10
498,497,0,1
298,299,0,-1
199,197,0,2
898,899,0,-1
899,898,0,1
98,99,0,-1
498,501,0,-3
798,897,0,-99
898,898,0,0
198,,,
898,897,0,1
199,200,0,-1
898,898,0,0
199,5200,0,-5001
799,797,0,2
299,299,0,0
898,899,0,-1
598,600,0,-2
99,99,0,0
598,597,0,1
498,499,0,-1
398,394,0,4
98,97,0,1
898,897,0,1
399,400,0,-1
199,200,0,-1
398,397,0,1
699,697,0,2
299,299,0,0
498,499,0,-1
698,699,0,-1
298,299,0,-1
798,800,0,-2
298,299,0,-1
498,498,0,0
398,397,0,1
699,697,0,2
599,600,0,-1
299,296,0,3
299,299,0,0
799,797,0,2
499,499,0,0
798,800,0,-2
398,397,0,1
799,4000,0,-3201
99,97,0,2
298,5028,0,-4730
298,299,0,-1
198,297,0,-99
398,400,0,-2
499,557,0,-58
598,600,0,-2
98,96,0,2
698,699,0,-1
699,699,0,0
498,499,0,-1
599,597,0,2
599,600,0,-1
198,200,0,-2
499,501,0,-2
199,200,0,-1
698,698,0,0
299,299,0,0
898,897,0,1
798,797,0,1
298,297,0,1
399,399,0,0
298,299,0,-1
498,507,0,-9
499,499,0,0
899,907,0,-8
798,797,0,1
498,897,0,-399
598,600,0,-2
199,200,0,-1
499,497,0,2
199,200,0,-1
399,397,0,2
98,97,0,1
499,499,0,0
499,499,0,0
698,699,0,-1
498,499,0,-1
198,197,0,1
599,600,0,-1
299,299,0,0
199,197,0,2
798,800,0,-2
199,298,0,-99
498,497,0,1
398,400,0,-2
698,699,0,-1
699,697,0,2
198,200,0,-2
198,197,0,1
398,405,0,-7
98,96,0,2
599,597,0,2
199,197,0,2
198,198,0,0
799,790,0,9
98,99,0,-1
99,99,0,0
898,897,0,1
598,600,0,-2
499,498,0,1
799,898,0,-99
498,501,0,-3
898,899,0,-1
298,297,0,1
299,298,0,1
299,299,0,0
499,498,0,1
199,199,0,0
899,899,0,0
499,507,0,-8
599,600,0,-1
98,99,0,-1
598,597,0,1
798,797,0,1
398,400,0,-2
599,600,0,-1
399,397,0,2
298,299,0,-1
699,697,0,2
699,697,0,2
898,899,0,-1
198,231,0,-33
299,394,0,-95
898,901,0,-3
298,297,0,1
399,397,0,2
599,603,0,-4
898,899,0,-1
799,798,0,1
599,600,0,-1
299,320,0,-21
598,597,0,1
499,499,0,0
698,707,0,-9
598,697,0,-99
499,497,0,2
898,897,0,1
898,897,0,1
499,499,0,0
299,400,0,-101
299,301,0,-2
799,797,0,2
298,297,0,1
299,398,0,-99
299,299,0,0
499,499,0,0
98,99,0,-1
499,497,0,2
99,470,0,-371
898,907,0,-9
299,299,0,0
499,497,0,2
299,297,0,2
599,400,0,199
199,398,0,-199
799,797,0,2
299,299,0,0
399,200,0,199
498,499,0,-1
499,499,0,0
698,699,0,-1
499,499,0,0
898,194,0,704
798,797,0,1
298,299,0,-1
699,707,0,-8
699,699,0,0
499,498,0,1
398,297,0,101
399,397,0,2
98,96,0,2
98,99,0,-1
199,200,0,-1
398,5427,0,-5029
198,200,0,-2
798,800,0,-2
98,99,0,-1
699,697,0,2
799,800,0,-1
499,499,0,0
498,499,0,-1
498,499,0,-1
499,497,0,2
298,299,0,-1
98,98,0,0
398,397,0,1
299,297,0,2
299,296,0,3
398,400,0,-2
699,699,0,0
799,800,0,-1
799,797,0,2
899,897,0,2
799,797,0,2
799,797,0,2
899,899,0,0
98,99,0,-1
498,497,0,1
99,99,0,0
798,800,0,-2
98,2558,0,-2460
698,697,0,1
899,96,0,803
599,600,0,-1
298,299,0,-1
798,800,0,-2
898,899,0,-1
299,299,0,0
599,597,0,2
298,301,0,-3
899,899,0,0
899,897,0,2
499,499,0,0
199,200,0,-1
398,397,0,1
799,800,0,-1
698,697,0,1
798,800,0,-2
299,297,0,2
798,797,0,1
899,899,0,0
598,597,0,1
898,898,0,0
599,597,0,2
98,301,0,-203
498,1717,0,-1219
299,299,0,0
398,397,0,1
98,99,0,-1
298,299,0,-1
698,600,0,98
198,200,0,-2
399,397,0,2
499,499,0,0
198,200,0,-2
499,520,0,-21
598,597,0,1
598,599,0,-1
98,97,0,1
698,501,0,197
99,99,0,0
499,499,0,0
99,99,0,0
399,5590,0,-5191
898,871,0,27
798,4920,0,-4122
299,297,0,2
299,307,0,-8
499,499,0,0
299,299,0,0
599,,,
498,499,0,-1
499,507,0,-8
199,4630,0,-4431
298,4870,0,-4572
499,499,0,0
598,597,0,1
899,101,0,798
399,397,0,2
899,899,0,0
398,431,0,-33
799,797,0,2
498,497,0,1
899,899,0,0
99,96,0,3
198,200,0,-2
299,299,0,0
699,689,0,10
599,595,0,4
98,99,0,-1
899,897,0,2
799,800,0,-1
699,699,0,0
99,97,0,2
499,499,0,0
199,197,0,2
498,4719,0,-4221
299,299,0,0
398,897,0,-499
99,99,0,0
98,99,0,-1
399,397,0,2
698,697,0,1
899,897,0,2
598,600,0,-2
499,499,0,0
898,697,0,201
899,200,0,699
398,397,0,1
498,497,0,1
498,442,0,56
199,200,0,-1
599,600,0,-1
798,799,0,-1
898,899,0,-1
398,397,0,1
799,789,0,10
798,800,0,-2
699,637,0,62
699,699,0,0
698,699,0,-1
799,797,0,2
898,897,0,1
899,897,0,2
499,497,0,2
498,497,0,1
699,699,0,0
898,897,0,1
698,707,0,-9
398,397,0,1
698,699,0,-1
699,699,0,0
98,99,0,-1
899,829,0,70
598,600,0,-2
498,360,0,138
898,899,0,-1
198,200,0,-2
798,805,0,-7
798,797,0,1
499,501,0,-2
698,699,0,-1
199,200,0,-1
599,597,0,2
399,397,0,2
599,600,0,-1
598,4760,0,-4162
598,600,0,-2
99,99,0,0
698,697,0,1
198,297,0,-99
498,499,0,-1
798,800,0,-2
198,201,0,-3
599,597,0,2
199,200,0,-1
98,99,0,-1
398,400,0,-2
499,499,0,0
499,499,0,0
98,99,0,-1
199,200,0,-1
198,200,0,-2
898,899,0,-1
298,298,0,0
399,400,0,-1
98,99,0,-1
398,798,0,-400
799,800,0,-1
498,499,0,-1
299,299,0,0
798,800,0,-2
599,597,0,2
598,600,0,-2
499,400,0,99
699,707,0,-8
698,699,0,-1
498,499,0,-1
899,899,0,0
798,787,0,11
399,301,0,98
299,299,0,0
599,600,0,-1
798,,,
899,899,0,0
799,797,0,2
199,18,0,181
599,606,0,-7
298,297,0,1
598,597,0,1
398,400,0,-2
698,699,0,-1
699,699,0,0
398,397,0,1
598,606,0,-8
698,699,0,-1
698,699,0,-1
699,699,0,0
399,296,0,103
798,800,0,-2
899,897,0,2
598,597,0,1
699,699,0,0
298,299,0,-1
599,600,0,-1
399,397,0,2
299,297,0,2
499,600,0,-101
498,598,0,-100
298,299,0,-1
799,797,0,2
498,497,0,1
399,397,0,2
198,197,0,1
599,598,0,1
699,697,0,2
298,,,
598,597,0,1
298,,,
598,600,0,-2
99,99,0,0
598,600,0,-2
399,477,0,-78
398,397,0,1
899,899,0,0
99,99,0,0
899,4667,0,-3768
99,97,0,2
599,598,0,1
399,397,0,2
499,497,0,2
598,597,0,1
99,97,0,2
498,497,0,1
898,899,0,-1
499,499,0,0
498,497,0,1
499,497,0,2
598,595,0,3
198,200,0,-2
599,600,0,-1
699,707,0,-8
898,899,0,-1
98,197,0,-99
699,701,0,-2
99,3400,0,-3301
598,600,0,-2
399,400,0,-1
498,499,0,-1
198,400,0,-202
198,197,0,1
799,699,0,100
498,497,0,1
399,400,0,-1
398,197,0,201
198,197,0,1
98,97,0,1
798,797,0,1
399,397,0,2
399,400,0,-1
598,405,0,193
99,99,0,0
99,96,0,3
198,197,0,1
498,499,0,-1
99,5429,0,-5330
98,96,0,2
198,200,0,-2
799,798,0,1
298,299,0,-1
298,297,0,1
599,600,0,-1
699,697,0,2
298,299,0,-1
698,699,0,-1
499,499,0,0
399,400,0,-1
498,5364,0,-4866
199,200,0,-1
898,877,0,21
198,200,0,-2
798,800,0,-2
199,200,0,-1
798,797,0,1
799,800,0,-1
99,97,0,2
898,897,0,1
599,296,0,303
698,697,0,1
398,400,0,-2
299,297,0,2
199,200,0,-1
498,499,0,-1
198,197,0,1
598,597,0,1
298,307,0,-9
498,497,0,1
499,497,0,2
699,697,0,2
799,797,0,2
199,498,0,-299
599,597,0,2
799,200,0,599
498,497,0,1
598,597,0,1
699,720,0,-21
298,299,0,-1
98,99,0,-1
299,299,0,0
499,497,0,2
699,699,0,0
898,897,0,1
898,897,0,1
299,98,0,201
298,298,0,0
99,98,0,1
699,697,0,2
499,520,0,-21
798,800,0,-2
298,397,0,-99
298,297,0,1
298,299,0,-1
299,278,0,21
799,797,0,2
498,499,0,-1
898,899,0,-1
899,899,0,0
399,397,0,2
198,197,0,1
399,96,0,303
798,798,0,0
698,699,0,-1
898,899,0,-1
99,99,0,0
98,4668,0,-4570
99,97,0,2
99,301,0,-202
199,200,0,-1
598,597,0,1
498,497,0,1
498,498,0,0
99,99,0,0
299,299,0,0
499,507,0,-8
198,200,0,-2
899,899,0,0
798,798,0,0
498,499,0,-1
698,699,0,-1
899,101,0,798
499,499,0,0
98,4017,0,-3919
498,507,0,-9
398,400,0,-2
798,2658,0,-1860
398,400,0,-2
199,,,
798,789,0,9
898,4965,0,-4067
699,699,0,0
599,597,0,2
698,699,0,-1
699,699,0,0
699,699,0,0
199,5038,0,-4839
99,99,0,0
599,600,0,-1
499,499,0,0
698,699,0,-1
599,497,0,102
399,296,0,103
299,195,0,104
698,2622,0,-1924
799,800,0,-1
499,507,0,-8
699,699,0,0
799,797,0,2
99,98,0,1
699,699,0,0
98,99,0,-1
799,797,0,2
599,600,0,-1
98,501,0,-403
198,197,0,1
299,299,0,0
199,197,0,2
699,699,0,0
199,100,0,99
299,297,0,2
99,198,0,-99
499,497,0,2
198,200,0,-2
498,798,0,-300
898,101,0,797
398,400,0,-2
399,297,0,102
298,299,0,-1
298,200,0,98
198,197,0,1
899,897,0,2
898,899,0,-1
598,606,0,-8
699,699,0,0
698,4320,0,-3622
899,899,0,0
699,699,0,0
599,597,0,2
399,400,0,-1
199,197,0,2
399,397,0,2
199,200,0,-1
699,699,0,0
798,797,0,1
398,397,0,1
498,497,0,1
498,499,0,-1
798,800,0,-2
299,299,0,0
498,511,0,-13
899,899,0,0
698,697,0,1
99,99,0,0
198,200,0,-2
899,899,0,0
399,398,0,1
398,394,0,4
498,499,0,-1
298,299,0,-1
499,499,0,0
899,897,0,2
399,401,0,-2
499,499,0,0
899,897,0,2
298,297,0,1
98,99,0,-1
299,299,0,0
498,499,0,-1
898,899,0,-1
98,99,0,-1
499,1347,0,-848
598,597,0,1
199,200,0,-1
498,296,0,202
899,897,0,2
198,99,0,99
498,499,0,-1
899,899,0,0
799,800,0,-1
599,597,0,2
799,797,0,2
598,597,0,1
599,597,0,2
399,400,0,-1
799,797,0,2
899,899,0,0
399,400,0,-1
498,499,0,-1
899,899,0,0
398,400,0,-2
498,520,0,-22
499,499,0,0
398,697,0,-299
499,499,0,0
698,697,0,1
298,800,0,-502
499,497,0,2
399,397,0,2
598,400,0,198
398,397,0,1
298,299,0,-1
299,299,0,0
99,99,0,0
699,701,0,-2
898,897,0,1
99,99,0,0
898,899,0,-1
899,897,0,2
798,797,0,1
698,699,0,-1
498,499,0,-1
98,197,0,-99
899,897,0,2
599,600,0,-1
798,797,0,1
98,99,0,-1
198,197,0,1
898,899,0,-1
399,397,0,2
598,597,0,1
498,497,0,1
898,897,0,1
698,699,0,-1
699,697,0,2
898,899,0,-1
599,2950,0,-2351
499,483,0,16
798,800,0,-2
499,497,0,2
798,793,0,5
298,,,
198,195,0,3
699,699,0,0
398,400,0,-2
199,197,0,2
498,497,0,1
98,97,0,1
498,499,0,-1
599,597,0,2
599,600,0,-1
399,397,0,2
898,598,0,300
299,299,0,0
98,99,0,-1
199,99,0,100
698,698,0,0
898,477,0,421
599,501,0,98
698,699,0,-1
898,897,0,1
298,299,0,-1
698,697,0,1
298,301,0,-3
398,400,0,-2
599,,,
798,800,0,-2
698,101,0,597
899,897,0,2
399,400,0,-1
798,797,0,1
398,497,0,-99
298,299,0,-1
199,200,0,-1
598,600,0,-2
299,299,0,0
99,99,0,0
799,797,0,2
499,499,0,0
199,200,0,-1
799,797,0,2
798,800,0,-2
298,296,0,2
398,400,0,-2
99,99,0,0
299,299,0,0
399,400,0,-1
399,397,0,2
598,597,0,1
498,499,0,-1
799,898,0,-99
599,597,0,2
399,400,0,-1
298,296,0,2
299,299,0,0
598,597,0,1
698,697,0,1
598,597,0,1
798,797,0,1
899,899,0,0
799,797,0,2
199,301,0,-102
399,397,0,2
99,99,0,0
199,197,0,2
499,499,0,0
598,897,0,-299
299,297,0,2
199,200,0,-1
498,499,0,-1
899,886,0,13
698,697,0,1
599,600,0,-1
198,197,0,1
699,697,0,2
699,699,0,0
398,398,0,0
698,699,0,-1
598,495,0,103
798,797,0,1
698,699,0,-1
799,840,0,-41
699,699,0,0
899,897,0,2
798,797,0,1
399,397,0,2
499,499,0,0
899,899,0,0
499,499,0,0
899,,,
899,899,0,0
199,200,0,-1
399,400,0,-1
399,397,0,2
399,400,0,-1
598,600,0,-2
298,299,0,-1
398,397,0,1
798,795,0,3
499,499,0,0
699,699,0,0
798,498,0,300
699,697,0,2
699,699,0,0
698,697,0,1
599,600,0,-1
199,197,0,2
299,299,0,0
498,499,0,-1
699,699,0,0
199,197,0,2
599,600,0,-1
599,597,0,2
898,897,0,1
598,600,0,-2
298,299,0,-1
799,800,0,-1
298,299,0,-1
898,897,0,1
299,297,0,2
199,200,0,-1
799,801,0,-2
99,99,0,0
499,501,0,-2
99,99,0,0
298,297,0,1
599,597,0,2
398,405,0,-7
698,600,0,98
499,499,0,0
599,600,0,-1
298,299,0,-1
598,,,
698,699,0,-1
699,699,0,0
598,897,0,-299
899,899,0,0
898,899,0,-1
598,631,0,-33
298,403,0,-105
699,697,0,2
699,699,0,0
399,400,0,-1
698,699,0,-1
599,597,0,2
98,107,0,-9
298,297,0,1
199,202,0,-3
298,194,0,104
299,297,0,2
899,899,0,0
99,120,0,-21
399,400,0,-1
98,99,0,-1
899,899,0,0
198,96,0,102
398,398,0,0
799,800,0,-1
398,400,0,-2
698,699,0,-1
98,99,0,-1
598,598,0,0
199,200,0,-1
499,499,0,0
798,800,0,-2
799,800,0,-1
599,960,0,-361
699,699,0,0
399,400,0,-1
699,750,0,-51
799,897,0,-98
898,899,0,-1
499,499,0,0
598,600,0,-2
399,400,0,-1
899,899,0,0
199,200,0,-1
699,699,0,0
499,497,0,2
798,4000,0,-3202
298,297,0,1
899,899,0,0
498,497,0,1
98,98,0,0
499,497,0,2
799,,,
898,897,0,1
398,397,0,1
899,899,0,0
198,197,0,1
899,948,0,-49
899,897,0,2
99,99,0,0
498,499,0,-1
299,299,0,0
898,899,0,-1
299,297,0,2
198,297,0,-99
98,99,0,-1
199,197,0,2
499,497,0,2
399,397,0,2
899,897,0,2
799,800,0,-1
798,797,0,1
599,597,0,2
499,499,0,0
198,197,0,1
99,98,0,1
399,397,0,2
899,899,0,0
499,499,0,0
799,797,0,2
799,797,0,2
399,400,0,-1
598,597,0,1
899,899,0,0
99,99,0,0
498,497,0,1
799,800,0,-1
599,600,0,-1
698,697,0,1
98,98,0,0
399,397,0,2
799,797,0,2
498,501,0,-3
199,200,0,-1
399,400,0,-1
198,194,0,4
798,795,0,3
899,899,0,0
899,897,0,2
498,398,0,100
899,897,0,2
398,400,0,-2
98,99,0,-1
299,297,0,2
898,897,0,1
899,897,0,2
99,99,0,0
298,299,0,-1
298,299,0,-1
898,899,0,-1
98,99,0,-1
299,4917,0,-4618
399,397,0,2
498,497,0,1
299,299,0,0
499,499,0,0
399,400,0,-1
598,898,0,-300
198,197,0,1
598,597,0,1
798,799,0,-1
398,400,0,-2
299,299,0,0
898,899,0,-1
99,99,0,0
599,597,0,2
598,501,0,97
199,197,0,2
798,800,0,-2
699,697,0,2
398,400,0,-2
299,297,0,2
98,99,0,-1
498,499,0,-1
898,897,0,1
598,600,0,-2
798,799,0,-1
699,697,0,2
499,597,0,-98
99,96,0,3
499,3845,0,-3346
598,600,0,-2
98,99,0,-1
98,199,0,-101
499,101,0,398
499,497,0,2
698,699,0,-1
198,200,0,-2
99,99,0,0
98,3960,0,-3862
598,98,0,500
399,4398,0,-3999
698,697,0,1
398,400,0,-2
498,507,0,-9
698,699,0,-1
898,899,0,-1
599,600,0,-1
99,805,0,-706
298,297,0,1
299,297,0,2
798,800,0,-2
398,400,0,-2
199,197,0,2
298,297,0,1
898,899,0,-1
798,797,0,1
798,797,0,1
799,4517,0,-3718
98,99,0,-1
198,197,0,1
699,699,0,0
298,301,0,-3
799,797,0,2
498,499,0,-1
499,499,0,0
398,698,0,-300
299,297,0,2
798,797,0,1
498,499,0,-1
398,397,0,1
699,699,0,0
499,440,0,59
899,897,0,2
699,698,0,1
798,697,0,101
98,96,0,2
699,699,0,0
99,99,0,0
298,298,0,0
698,699,0,-1
498,800,0,-302
199,200,0,-1
699,699,0,0
298,299,0,-1
499,497,0,2
898,899,0,-1
898,880,0,18
399,400,0,-1
299,299,0,0
598,597,0,1
699,699,0,0
298,297,0,1
599,597,0,2
199,197,0,2
899,897,0,2
98,99,0,-1
98,,,
98,99,0,-1
898,899,0,-1
598,597,0,1
399,397,0,2
799,799,0,0
699,,,
398,397,0,1
699,699,0,0
799,797,0,2
699,701,0,-2
598,597,0,1
398,397,0,1
298,397,0,-99
98,99,0,-1
399,397,0,2
198,197,0,1
798,948,0,-150
299,297,0,2
498,501,0,-3
798,797,0,1
499,499,0,0
699,699,0,0
599,597,0,2
898,897,0,1
798,400,0,398
498,498,0,0
98,99,0,-1
598,600,0,-2
898,698,0,200
598,600,0,-2
398,400,0,-2
898,899,0,-1
399,397,0,2
98,98,0,0
499,497,0,2
98,99,0,-1
298,299,0,-1
699,697,0,2
598,597,0,1
499,499,0,0
698,699,0,-1
899,897,0,2
498,499,0,-1
199,,,
898,899,0,-1
299,299,0,0
599,597,0,2
198,200,0,-2
199,200,0,-1
299,297,0,2
398,397,0,1
498,498,0,0
899,899,0,0
198,197,0,1
299,200,0,99
898,,,
199,198,0,1
599,600,0,-1
699,697,0,2
398,400,0,-2
799,817,0,-18
898,897,0,1
698,699,0,-1
298,297,0,1
398,400,0,-2
198,197,0,1
99,99,0,0
99,,,
198,200,0,-2
599,597,0,2
199,197,0,2
198,200,0,-2
699,800,0,-101
698,697,0,1
699,661,0,38
99,4518,0,-4419
798,800,0,-2
498,499,0,-1
298,297,0,1
598,597,0,1
299,301,0,-2
199,200,0,-1
398,397,0,1
798,797,0,1
99,97,0,2
699,699,0,0
699,707,0,-8
698,699,0,-1
99,296,0,-197
98,99,0,-1
399,400,0,-1
499,499,0,0
499,497,0,2
199,197,0,2
498,489,0,9
899,899,0,0
898,897,0,1
199,198,0,1
798,794,0,4
399,400,0,-1
899,899,0,0
799,800,0,-1
798,797,0,1
399,397,0,2
699,697,0,2
399,400,0,-1
398,101,0,297
98,97,0,1
498,499,0,-1
298,299,0,-1
298,301,0,-3
299,296,0,3
98,96,0,2
99,101,0,-2
98,101,0,-3
698,699,0,-1
198,200,0,-2
698,697,0,1
898,899,0,-1
99,497,0,-398
398,398,0,0
299,299,0,0
599,597,0,2
99,501,0,-402
798,797,0,1
698,699,0,-1
298,308,0,-10
599,637,0,-38
298,299,0,-1
299,299,0,0
199,200,0,-1
499,499,0,0
298,299,0,-1
698,699,0,-1
498,499,0,-1
98,97,0,1
898,899,0,-1
699,699,0,0
799,4440,0,-3641
399,498,0,-99
98,99,0,-1
398,400,0,-2
399,400,0,-1
298,698,0,-400
198,194,0,4
399,397,0,2
199,197,0,2
599,597,0,2
399,397,0,2
698,697,0,1
98,99,0,-1
298,299,0,-1
399,400,0,-1
898,899,0,-1
799,797,0,2
798,5246,0,-4448
299,299,0,0
499,499,0,0
199,200,0,-1
398,198,0,200
298,299,0,-1
798,805,0,-7
499,295,0,204
98,97,0,1
398,397,0,1
799,797,0,2
98,197,0,-99
198,96,0,102
598,600,0,-2
599,600,0,-1
399,397,0,2
498,499,0,-1
198,197,0,1
298,297,0,1
99,97,0,2
599,597,0,2
399,400,0,-1
798,798,0,0
499,497,0,2
299,301,0,-2
399,400,0,-1
899,831,0,68
299,299,0,0
499,597,0,-98
698,707,0,-9
398,96,0,302
599,597,0,2
899,899,0,0
399,499,0,-100
398,400,0,-2
798,800,0,-2
399,397,0,2
798,797,0,1
98,97,0,1
199,200,0,-1
198,200,0,-2
99,99,0,0
499,400,0,99
299,299,0,0
599,4631,0,-4032
499,499,0,0
498,499,0,-1
699,699,0,0
798,800,0,-2
899,899,0,0
98,99,0,-1
799,800,0,-1
598,597,0,1
599,597,0,2
899,899,0,0
299,296,0,3
98,99,0,-1
298,301,0,-3
198,200,0,-2
499,499,0,0
899,897,0,2
899,897,0,2
599,499,0,100
99,97,0,2
899,899,0,0
899,897,0,2
599,697,0,-98
398,400,0,-2
598,597,0,1
499,4800,0,-4301
498,4166,0,-3668
798,800,0,-2
99,398,0,-299
498,499,0,-1
899,920,0,-21
299,297,0,2
598,597,0,1
198,5405,0,-5207
699,701,0,-2
899,897,0,2
199,200,0,-1
599,600,0,-1
798,800,0,-2
799,800,0,-1
98,99,0,-1
398,400,0,-2
299,299,0,0
199,200,0,-1
299,300,0,-1
699,699,0,0
398,400,0,-2
698,692,0,6
799,800,0,-1
599,600,0,-1
499,499,0,0
399,397,0,2
299,299,0,0
699,697,0,2
798,797,0,1
498,497,0,1
398,96,0,302
398,405,0,-7
499,514,0,-15
599,697,0,-98
899,897,0,2
298,198,0,100
398,400,0,-2
99,99,0,0
499,198,0,301
98,99,0,-1
498,499,0,-1
98,99,0,-1
898,897,0,1
699,699,0,0
898,900,0,-2
699,698,0,1
799,798,0,1
699,697,0,2
98,297,0,-199
799,797,0,2
398,397,0,1
198,200,0,-2
699,699,0,0
698,699,0,-1
499,497,0,2
898,497,0,401
299,299,0,0
899,899,0,0
398,400,0,-2
298,299,0,-1
99,99,0,0
598,600,0,-2
698,699,0,-1
98,99,0,-1
599,797,0,-198
799,3514,0,-2715
299,4310,0,-4011
899,897,0,2
98,99,0,-1
398,96,0,302
798,794,0,4
899,797,0,102
298,299,0,-1
298,296,0,2
699,699,0,0
198,199,0,-1
98,,,
199,197,0,2
99,99,0,0
899,899,0,0
599,600,0,-1
198,199,0,-1
199,200,0,-1
498,697,0,-199
99,99,0,0
699,697,0,2
798,797,0,1
799,800,0,-1
399,400,0,-1
98,99,0,-1
99,99,0,0
199,200,0,-1
699,699,0,0
799,800,0,-1
199,197,0,2
298,297,0,1
899,897,0,2
299,299,0,0
798,898,0,-100
499,499,0,0
799,800,0,-1
499,499,0,0
699,699,0,0
99,99,0,0
399,96,0,303
599,600,0,-1
298,299,0,-1
99,99,0,0
399,400,0,-1
299,299,0,0
498,499,0,-1
799,898,0,-99
899,899,0,0
299,299,0,0
799,797,0,2
399,499,0,-100
398,398,0,0
498,508,0,-10
799,800,0,-1
498,501,0,-3
599,600,0,-1
299,299,0,0
298,299,0,-1
799,797,0,2
99,96,0,3
699,697,0,2
699,699,0,0
499,499,0,0
498,498,0,0
298,298,0,0
798,797,0,1
798,797,0,1
199,200,0,-1
198,200,0,-2
598,598,0,0
498,195,0,303
399,400,0,-1
799,800,0,-1
299,299,0,0
499,499,0,0
499,,,
199,200,0,-1
398,96,0,302
598,551,0,47
398,5680,0,-5282
98,97,0,1
699,697,0,2
98,99,0,-1
198,197,0,1
198,197,0,1
798,800,0,-2
199,200,0,-1
98,99,0,-1
98,200,0,-102
198,101,0,97
598,600,0,-2
699,699,0,0
598,597,0,1
398,400,0,-2
298,298,0,0
799,797,0,2
199,197,0,2
798,800,0,-2
798,800,0,-2
799,800,0,-1
499,520,0,-21
299,299,0,0
98,99,0,-1
99,99,0,0
399,431,0,-32
399,400,0,-1
798,794,0,4
398,400,0,-2
399,400,0,-1
799,800,0,-1
198,200,0,-2
598,600,0,-2
498,499,0,-1
699,699,0,0
798,799,0,-1
698,697,0,1
899,897,0,2
299,297,0,2
399,397,0,2
498,698,0,-200
99,97,0,2
799,794,0,5
298,898,0,-600
498,499,0,-1
299,97,0,202
899,897,0,2
698,301,0,397
199,200,0,-1
898,899,0,-1
399,397,0,2
598,597,0,1
898,899,0,-1
598,597,0,1
299,301,0,-2
598,599,0,-1
498,496,0,2
498,497,0,1
799,697,0,102
699,697,0,2
598,597,0,1
299,299,0,0
699,779,0,-80
699,697,0,2
299,299,0,0
899,697,0,202
499,497,0,2
299,299,0,0
599,600,0,-1
698,699,0,-1
498,499,0,-1
798,800,0,-2
298,301,0,-3
598,597,0,1
499,496,0,3
299,299,0,0
398,400,0,-2
899,198,0,701
399,400,0,-1
198,197,0,1
598,600,0,-2
198,197,0,1
99,497,0,-398
298,299,0,-1
799,4588,0,-3789
299,270,0,29
299,299,0,0
499,499,0,0
698,699,0,-1
498,499,0,-1
199,200,0,-1
499,3880,0,-3381
599,600,0,-1
898,899,0,-1
498,499,0,-1
799,800,0,-1
298,,,
298,299,0,-1
698,,,
398,400,0,-2
799,797,0,2
898,899,0,-1
698,697,0,1
299,299,0,0
898,899,0,-1
199,200,0,-1
899,901,0,-2
898,897,0,1
299,298,0,1
599,600,0,-1
198,200,0,-2
199,200,0,-1
798,797,0,1
899,899,0,0
99,99,0,0
299,299,0,0
699,699,0,0
199,198,0,1
598,597,0,1
699,697,0,2
898,897,0,1
899,899,0,0
198,197,0,1
299,299,0,0
398,400,0,-2
698,699,0,-1
298,299,0,-1
598,597,0,1
699,3070,0,-2371
598,597,0,1
599,496,0,103
699,699,0,0
599,597,0,2
698,699,0,-1
498,499,0,-1
598,597,0,1
498,497,0,1
899,899,0,0
498,397,0,101
798,797,0,1
199,197,0,2
98,99,0,-1
399,400,0,-1
299,297,0,2
699,640,0,59
299,299,0,0
799,797,0,2
699,800,0,-101
98,98,0,0
498,197,0,301
399,397,0,2
798,797,0,1
398,200,0,198
898,899,0,-1
798,806,0,-8
799,797,0,2
799,800,0,-1
699,699,0,0
498,499,0,-1
298,297,0,1
198,197,0,1
898,899,0,-1
598,598,0,0
198,200,0,-2
799,800,0,-1
399,397,0,2
898,899,0,-1
399,400,0,-1
298,299,0,-1
99,111,0,-12
598,600,0,-2
198,3457,0,-3259
99,97,0,2
298,299,0,-1
598,597,0,1
699,697,0,2
398,400,0,-2
198,198,0,0
98,200,0,-102
898,899,0,-1
898,901,0,-3
698,699,0,-1
399,397,0,2
898,953,0,-55
99,99,0,0
899,899,0,0
99,99,0,0
398,395,0,3
698,699,0,-1
698,501,0,197
298,299,0,-1
299,297,0,2
798,797,0,1
598,597,0,1
798,800,0,-2
899,899,0,0
299,299,0,0
898,897,0,1
598,597,0,1
799,101,0,698
898,899,0,-1
498,800,0,-302
899,899,0,0
899,897,0,2
399,400,0,-1
298,299,0,-1
599,597,0,2
598,597,0,1
299,299,0,0
199,,,
898,897,0,1
498,499,0,-1
899,977,0,-78
99,99,0,0
298,299,0,-1
199,200,0,-1
298,297,0,1
799,800,0,-1
299,299,0,0
299,597,0,-298
498,499,0,-1
798,4110,0,-3312
299,300,0,-1
599,597,0,2
798,800,0,-2
699,699,0,0
399,400,0,-1
499,499,0,0
699,699,0,0
98,99,0,-1
698,699,0,-1
399,397,0,2
298,600,0,-302
898,899,0,-1
698,1473,0,-775
298,299,0,-1
199,197,0,2
699,699,0,0
98,96,0,2
98,99,0,-1
599,600,0,-1
299,299,0,0
199,197,0,2
399,400,0,-1
398,501,0,-103
99,898,0,-799
598,600,0,-2
898,899,0,-1
198,1910,0,-1712
499,499,0,0
898,899,0,-1
798,794,0,4
798,797,0,1
398,397,0,1
498,499,0,-1
599,600,0,-1
499,499,0,0
498,499,0,-1
198,197,0,1
199,200,0,-1
399,400,0,-1
98,99,0,-1
798,799,0,-1
199,200,0,-1
399,400,0,-1
298,301,0,-3
498,497,0,1
898,900,0,-2
498,497,0,1
598,597,0,1
198,200,0,-2
498,499,0,-1
399,397,0,2
799,797,0,2
899,899,0,0
799,797,0,2
499,391,0,108
799,800,0,-1
698,697,0,1
198,200,0,-2
599,597,0,2
498,504,0,-6
899,899,0,0
798,797,0,1
98,99,0,-1
598,599,0,-1
299,299,0,0
698,699,0,-1
398,298,0,100
799,797,0,2
498,497,0,1
699,697,0,2
398,400,0,-2
698,699,0,-1
399,394,0,5
299,297,0,2
398,496,0,-98
99,99,0,0
299,299,0,0
498,507,0,-9
898,899,0,-1
298,296,0,2
699,800,0,-101
399,400,0,-1
598,4554,0,-3956
599,597,0,2
599,398,0,201
599,600,0,-1
799,497,0,302
899,899,0,0
498,499,0,-1
299,299,0,0
799,800,0,-1
299,299,0,0
399,397,0,2
799,797,0,2
199,200,0,-1
398,400,0,-2
99,99,0,0
898,899,0,-1
98,99,0,-1
399,400,0,-1
798,797,0,1
298,299,0,-1
598,697,0,-99
99,98,0,1
598,597,0,1
599,697,0,-98
299,299,0,0
399,400,0,-1
199,200,0,-1
399,1357,0,-958
198,197,0,1
298,299,0,-1
299,299,0,0
598,597,0,1
498,200,0,298
699,697,0,2
898,897,0,1
898,897,0,1
698,699,0,-1
98,99,0,-1
898,899,0,-1
99,97,0,2
799,797,0,2
899,899,0,0
199,200,0,-1
799,805,0,-6
599,600,0,-1
799,800,0,-1
599,594,0,5
598,697,0,-99
199,698,0,-499
298,297,0,1
399,398,0,1
898,897,0,1
798,800,0,-2
598,600,0,-2
498,498,0,0
98,5717,0,-5619
899,897,0,2
399,397,0,2
99,125,0,-26
799,391,0,408
299,299,0,0
399,397,0,2
699,699,0,0
399,400,0,-1
99,99,0,0
498,240,0,258
298,298,0,0
398,397,0,1
699,699,0,0
499,499,0,0
198,197,0,1
898,899,0,-1
198,200,0,-2
899,899,0,0
699,897,0,-198
698,699,0,-1
298,297,0,1
298,297,0,1
399,397,0,2
899,902,0,-3
699,699,0,0
798,800,0,-2
399,397,0,2
198,96,0,102
699,697,0,2
799,797,0,2
398,397,0,1
198,3034,0,-2836
798,800,0,-2
398,400,0,-2
98,96,0,2
99,99,0,0
698,699,0,-1
598,609,0,-11
298,299,0,-1
798,831,0,-33
198,197,0,1
799,800,0,-1
99,99,0,0
698,697,0,1
299,299,0,0
599,600,0,-1
898,897,0,1
699,699,0,0
898,899,0,-1
498,499,0,-1
198,197,0,1
398,397,0,1
99,99,0,0
399,397,0,2
599,597,0,2
198,197,0,1
199,200,0,-1
899,899,0,0
399,397,0,2
698,699,0,-1
98,99,0,-1
699,697,0,2
99,4886,0,-4787
599,597,0,2
298,299,0,-1
898,899,0,-1
498,499,0,-1
399,397,0,2
699,697,0,2
798,800,0,-2
698,720,0,-22
899,899,0,0
598,600,0,-2
399,397,0,2
598,597,0,1
499,497,0,2
498,499,0,-1
698,697,0,1
798,806,0,-8
98,97,0,1
899,897,0,2
98,200,0,-102
599,600,0,-1
598,600,0,-2
798,797,0,1
299,299,0,0
799,797,0,2
198,200,0,-2
99,97,0,2
599,597,0,2
399,400,0,-1
898,899,0,-1
699,699,0,0
798,597,0,201
598,597,0,1
498,499,0,-1
198,197,0,1
498,497,0,1
699,699,0,0
799,800,0,-1
398,397,0,1
599,600,0,-1
898,897,0,1
599,600,0,-1
798,797,0,1
598,597,0,1
298,600,0,-302
398,397,0,1
398,397,0,1
499,499,0,0
698,699,0,-1
799,797,0,2
299,297,0,2
798,800,0,-2
898,499,0,399
599,600,0,-1
98,98,0,0
99,99,0,0
599,598,0,1
798,800,0,-2
298,299,0,-1
598,4609,0,-4011
699,699,0,0
798,800,0,-2
198,197,0,1
698,699,0,-1
799,800,0,-1
399,397,0,2
98,1738,0,-1640
98,97,0,1
699,699,0,0
699,699,0,0
599,597,0,2
698,697,0,1
899,897,0,2
699,697,0,2
99,97,0,2
398,296,0,102
898,899,0,-1
499,4897,0,-4398
799,800,0,-1
299,299,0,0
498,499,0,-1
198,101,0,97
98,99,0,-1
98,296,0,-198
98,,,
198,200,0,-2
498,499,0,-1
899,899,0,0
498,499,0,-1
799,790,0,9
798,800,0,-2
698,699,0,-1
898,897,0,1
699,698,0,1
199,197,0,2
299,698,0,-399
298,298,0,0
399,397,0,2
498,497,0,1
899,899,0,0
499,499,0,0
99,97,0,2
298,299,0,-1
299,299,0,0
599,496,0,103
498,501,0,-3
598,600,0,-2
798,800,0,-2
198,197,0,1
798,797,0,1
598,101,0,497
298,300,0,-2
199,200,0,-1
698,701,0,-3
299,400,0,-101
398,397,0,1
198,200,0,-2
398,394,0,4
798,797,0,1
499,499,0,0
298,297,0,1
699,707,0,-8
699,599,0,100
899,898,0,1
499,498,0,1
398,397,0,1
499,597,0,-98
398,398,0,0
898,899,0,-1
199,400,0,-201
99,99,0,0
498,497,0,1
499,498,0,1
598,597,0,1
299,297,0,2
899,898,0,1
399,400,0,-1
798,797,0,1
298,297,0,1
398,397,0,1
499,499,0,0
198,200,0,-2
398,400,0,-2
598,897,0,-299
698,699,0,-1
98,99,0,-1
299,307,0,-8
99,99,0,0
199,198,0,1
98,97,0,1
498,499,0,-1
399,600,0,-201
198,197,0,1
898,899,0,-1
899,897,0,2
99,296,0,-197
198,698,0,-500
198,191,0,7
798,797,0,1
198,197,0,1
298,299,0,-1
299,608,0,-309
899,899,0,0
599,308,0,291
599,600,0,-1
198,197,0,1
798,799,0,-1
598,600,0,-2
798,801,0,-3
299,297,0,2
299,298,0,1
299,299,0,0
699,705,0,-6
398,397,0,1
499,605,0,-106
898,899,0,-1
499,497,0,2
898,2951,0,-2053
599,597,0,2
898,892,0,6
98,99,0,-1
198,3566,0,-3368
199,200,0,-1
98,96,0,2
298,299,0,-1
698,699,0,-1
798,797,0,1
299,299,0,0
199,99,0,100
99,97,0,2
198,197,0,1
199,200,0,-1
499,270,0,229
198,200,0,-2
599,501,0,98
498,497,0,1
198,3886,0,-3688
199,203,0,-4
598,597,0,1
499,498,0,1
698,699,0,-1
298,4708,0,-4410
499,499,0,0
599,600,0,-1
98,,,
199,200,0,-1
298,101,0,197
298,297,0,1
498,296,0,202
799,797,0,2
198,605,0,-407
298,299,0,-1
299,299,0,0
698,699,0,-1
98,99,0,-1
299,297,0,2
898,987,0,-89
698,699,0,-1
498,499,0,-1
799,797,0,2
798,698,0,100
298,299,0,-1
399,431,0,-32
698,697,0,1
598,600,0,-2
498,754,0,-256
98,98,0,0
299,301,0,-2
99,97,0,2
199,197,0,2
898,899,0,-1
399,397,0,2
199,198,0,1
399,431,0,-32
499,499,0,0
299,298,0,1
199,498,0,-299
98,2315,0,-2217
298,299,0,-1
199,2557,0,-2358
598,597,0,1
798,800,0,-2
199,296,0,-97
798,,,
898,899,0,-1
598,597,0,1
199,197,0,2
598,600,0,-2
99,96,0,3
399,101,0,298
898,897,0,1
398,395,0,3
899,899,0,0
498,497,0,1
199,200,0,-1
699,697,0,2
199,197,0,2
899,899,0,0
599,600,0,-1
99,197,0,-98
898,897,0,1
798,800,0,-2
399,497,0,-98
599,619,0,-20
499,499,0,0
598,600,0,-2
598,597,0,1
799,797,0,2
498,501,0,-3
198,197,0,1
99,99,0,0
699,699,0,0
298,501,0,-203
698,699,0,-1
799,806,0,-7
299,297,0,2
98,99,0,-1
899,898,0,1
198,197,0,1
499,499,0,0
98,296,0,-198
599,600,0,-1
499,499,0,0
298,200,0,98
699,800,0,-101
698,698,0,0
99,,,
199,197,0,2
199,197,0,2
498,499,0,-1
698,699,0,-1
699,697,0,2
99,99,0,0
199,200,0,-1
399,400,0,-1
799,298,0,501
598,597,0,1
899,697,0,202
399,400,0,-1
398,397,0,1
798,797,0,1
599,600,0,-1
499,499,0,0
598,600,0,-2
598,600,0,-2
498,96,0,402
499,400,0,99
298,271,0,27
198,896,0,-698
798,800,0,-2
698,699,0,-1
299,299,0,0
499,499,0,0
899,1046,0,-147
498,499,0,-1
299,299,0,0
198,200,0,-2
698,697,0,1
599,597,0,2
99,,,
598,597,0,1
898,899,0,-1
198,200,0,-2
699,699,0,0
399,501,0,-102
98,99,0,-1
298,297,0,1
199,198,0,1
898,907,0,-9
198,200,0,-2
698,699,0,-1
698,,,
199,197,0,2
598,698,0,-100
799,800,0,-1
398,397,0,1
799,797,0,2
399,398,0,1
98,99,0,-1
599,600,0,-1
498,499,0,-1
499,499,0,0
698,697,0,1
99,,,
298,299,0,-1
598,597,0,1
699,697,0,2
598,600,0,-2
199,697,0,-498
699,699,0,0
199,197,0,2
699,4827,0,-4128
699,697,0,2
99,99,0,0
199,197,0,2
399,400,0,-1
299,297,0,2
599,640,0,-41
898,895,0,3
698,747,0,-49
399,397,0,2
798,,,
898,698,0,200
899,899,0,0
399,397,0,2
98,99,0,-1
599,597,0,2
898,898,0,0
398,397,0,1
399,397,0,2
799,797,0,2
799,797,0,2
199,197,0,2
698,697,0,1
299,301,0,-2
399,397,0,2
799,800,0,-1
99,99,0,0
499,499,0,0
598,597,0,1
899,897,0,2
598,600,0,-2
898,899,0,-1
498,488,0,10
899,897,0,2
498,499,0,-1
799,797,0,2
599,600,0,-1
698,699,0,-1
799,797,0,2
798,800,0,-2
898,897,0,1
199,79,0,120
798,799,0,-1
798,799,0,-1
899,497,0,402
899,560,0,339
499,200,0,299
799,797,0,2
398,398,0,0
199,200,0,-1
99,2148,0,-2049
98,99,0,-1
199,197,0,2
399,400,0,-1
799,891,0,-92
199,197,0,2
598,597,0,1
499,697,0,-198
599,597,0,2
898,501,0,397
698,697,0,1
199,99,0,100
799,797,0,2
698,697,0,1
698,699,0,-1
199,197,0,2
598,597,0,1
799,797,0,2
698,727,0,-29
499,499,0,0
398,400,0,-2
199,197,0,2
299,299,0,0
599,97,0,502
99,99,0,0
399,397,0,2
598,597,0,1
199,200,0,-1
199,197,0,2
798,797,0,1
598,697,0,-99
398,400,0,-2
398,497,0,-99
899,897,0,2
699,692,0,7
399,400,0,-1
98,5510,0,-5412
398,397,0,1
598,597,0,1
699,699,0,0
698,699,0,-1
398,400,0,-2
299,697,0,-398
98,99,0,-1
498,499,0,-1
199,197,0,2
98,99,0,-1
199,197,0,2
199,200,0,-1
899,897,0,2
599,600,0,-1
598,597,0,1
299,297,0,2
98,99,0,-1
399,400,0,-1
598,799,0,-201
198,200,0,-2
99,97,0,2
699,707,0,-8
99,99,0,0
399,397,0,2
599,600,0,-1
399,898,0,-499
198,200,0,-2
199,197,0,2
99,99,0,0
398,397,0,1
498,499,0,-1
798,797,0,1
699,697,0,2
299,297,0,2
698,699,0,-1
898,907,0,-9
498,499,0,-1
398,397,0,1
698,699,0,-1
798,800,0,-2
898,899,0,-1
699,699,0,0
498,499,0,-1
298,200,0,98
399,547,0,-148
98,99,0,-1
498,499,0,-1
498,497,0,1
598,600,0,-2
798,800,0,-2
598,496,0,102
899,898,0,1
198,197,0,1
598,597,0,1
698,697,0,1
99,101,0,-2
899,96,0,803
799,797,0,2
898,899,0,-1
399,400,0,-1
399,397,0,2
499,501,0,-2
798,800,0,-2
399,397,0,2
498,526,0,-28
899,907,0,-8
99,99,0,0
598,600,0,-2
798,794,0,4
598,600,0,-2
498,499,0,-1
599,600,0,-1
198,197,0,1
399,397,0,2
799,800,0,-1
498,499,0,-1
99,97,0,2
298,299,0,-1
499,499,0,0
98,99,0,-1
598,197,0,401
899,877,0,22
599,,,
598,597,0,1
898,901,0,-3
199,200,0,-1
499,499,0,0
99,98,0,1
498,499,0,-1
899,899,0,0
599,96,0,503
699,698,0,1
798,797,0,1
699,697,0,2
598,597,0,1
499,299,0,200
798,800,0,-2
898,899,0,-1
799,800,0,-1
799,797,0,2
499,557,0,-58
299,299,0,0
599,600,0,-1
898,899,0,-1
798,898,0,-100
498,497,0,1
99,99,0,0
698,699,0,-1
299,299,0,0
698,699,0,-1
699,697,0,2
198,96,0,102
298,299,0,-1
199,200,0,-1
398,400,0,-2
498,400,0,98
498,497,0,1
398,4086,0,-3688
798,806,0,-8
599,907,0,-308
299,299,0,0
598,597,0,1
298,299,0,-1
799,800,0,-1
799,797,0,2
799,800,0,-1
299,299,0,0
98,701,0,-603
98,99,0,-1
398,400,0,-2
298,299,0,-1
799,795,0,4
399,397,0,2
898,920,0,-22
699,699,0,0
498,497,0,1
498,499,0,-1
798,797,0,1
598,600,0,-2
598,593,0,5
298,296,0,2
598,597,0,1
799,898,0,-99
798,498,0,300
598,597,0,1
98,99,0,-1
698,698,0,0
98,96,0,2
898,496,0,402
899,1227,0,-328
799,897,0,-98
399,2416,0,-2017
499,497,0,2
199,200,0,-1
798,797,0,1
698,699,0,-1
798,797,0,1
298,698,0,-400
199,200,0,-1
898,897,0,1
598,600,0,-2
199,96,0,103
399,397,0,2
699,697,0,2
98,97,0,1
498,497,0,1
599,600,0,-1
698,699,0,-1
699,697,0,2
899,901,0,-2
498,497,0,1
699,597,0,102
898,802,0,96
199,200,0,-1
899,897,0,2
899,897,0,2
698,697,0,1
498,499,0,-1
499,470,0,29
798,797,0,1
299,299,0,0
498,897,0,-399
199,296,0,-97
698,697,0,1
699,697,0,2
299,299,0,0
798,877,0,-79
399,499,0,-100
199,206,0,-7
499,499,0,0
399,397,0,2
399,2230,0,-1831
198,,,
99,99,0,0
98,99,0,-1
699,699,0,0
799,800,0,-1
599,597,0,2
898,899,0,-1
399,400,0,-1
598,600,0,-2
98,98,0,0
398,397,0,1
599,597,0,2
598,797,0,-199
698,800,0,-102
98,99,0,-1
598,600,0,-2
299,299,0,0
798,800,0,-2
298,97,0,201
198,197,0,1
298,299,0,-1
798,797,0,1
298,299,0,-1
898,,,
398,697,0,-299
199,200,0,-1
398,400,0,-2
198,197,0,1
398,397,0,1
698,699,0,-1
899,800,0,99
499,496,0,3
899,877,0,22
199,,,
499,499,0,0
599,198,0,401
498,499,0,-1
298,299,0,-1
199,200,0,-1
399,397,0,2
399,397,0,2
698,699,0,-1
598,501,0,97
498,643,0,-145
298,320,0,-22
899,899,0,0
698,699,0,-1
698,699,0,-1
698,699,0,-1
298,299,0,-1
899,899,0,0
299,299,0,0
899,897,0,2
98,97,0,1
99,99,0,0
899,602,0,297
798,600,0,198
398,101,0,297
99,99,0,0
499,,,
399,400,0,-1
398,397,0,1
898,897,0,1
298,299,0,-1
798,797,0,1
498,499,0,-1
498,499,0,-1
299,299,0,0
498,499,0,-1
899,899,0,0
499,499,0,0
698,699,0,-1
99,3909,0,-3810
299,297,0,2
799,797,0,2
298,299,0,-1
899,899,0,0
499,499,0,0
698,699,0,-1
98,197,0,-99
599,597,0,2
298,297,0,1
599,597,0,2
398,397,0,1
798,797,0,1
899,897,0,2
798,677,0,121
499,498,0,1
798,799,0,-1
798,200,0,598
499,497,0,2
198,197,0,1
599,597,0,2
698,699,0,-1
398,397,0,1
399,397,0,2
99,99,0,0
198,197,0,1
499,499,0,0
798,797,0,1
598,597,0,1
799,797,0,2
899,,,
299,299,0,0
698,697,0,1
399,400,0,-1
98,96,0,2
99,99,0,0
698,699,0,-1
98,97,0,1
798,902,0,-104
98,99,0,-1
799,797,0,2
499,499,0,0
98,97,0,1
499,497,0,2
298,299,0,-1
399,400,0,-1
299,297,0,2
398,400,0,-2
198,197,0,1
198,296,0,-98
798,797,0,1
798,800,0,-2
598,598,0,0
399,400,0,-1
898,,,
498,497,0,1
699,699,0,0
898,899,0,-1
799,797,0,2
98,99,0,-1
299,299,0,0
99,98,0,1
98,96,0,2
398,400,0,-2
199,200,0,-1
598,597,0,1
199,200,0,-1
598,597,0,1
498,499,0,-1
99,99,0,0
298,299,0,-1
799,797,0,2
699,701,0,-2
298,297,0,1
898,920,0,-22
98,99,0,-1
799,800,0,-1
899,897,0,2
898,899,0,-1
698,699,0,-1
599,597,0,2
499,497,0,2
599,597,0,2
598,597,0,1
99,99,0,0
598,800,0,-202
498,520,0,-22
599,597,0,2
899,899,0,0
699,699,0,0
199,200,0,-1
98,92,0,6
398,397,0,1
599,600,0,-1
199,197,0,2
598,600,0,-2
199,198,0,1
399,400,0,-1
898,899,0,-1
899,897,0,2
499,499,0,0
898,899,0,-1
299,297,0,2
99,99,0,0
899,598,0,301
198,197,0,1
599,597,0,2
299,299,0,0
398,500,0,-102
798,708,0,90
699,707,0,-8
798,801,0,-3
398,600,0,-202
798,797,0,1
698,699,0,-1
299,298,0,1
899,899,0,0
598,5307,0,-4709
98,99,0,-1
398,400,0,-2
99,3489,0,-3390
198,200,0,-2
898,897,0,1
98,97,0,1
298,299,0,-1
98,97,0,1
398,398,0,0
199,200,0,-1
498,398,0,100
898,899,0,-1
698,699,0,-1
498,499,0,-1
298,299,0,-1
598,600,0,-2
499,499,0,0
398,5040,0,-4642
399,397,0,2
899,897,0,2
398,400,0,-2
798,800,0,-2
98,99,0,-1
599,597,0,2
99,99,0,0
799,402,0,397
399,397,0,2
899,898,0,1
498,499,0,-1
198,197,0,1
799,800,0,-1
498,499,0,-1
198,195,0,3
298,299,0,-1
199,199,0,0
198,200,0,-2
898,899,0,-1
898,870,0,28
298,296,0,2
699,699,0,0
598,597,0,1
798,800,0,-2
498,200,0,298
498,397,0,101
599,597,0,2
398,400,0,-2
798,800,0,-2
198,197,0,1
199,200,0,-1
799,400,0,399
99,99,0,0
199,200,0,-1
598,598,0,0
798,4587,0,-3789
99,898,0,-799
98,99,0,-1
899,398,0,501
398,400,0,-2
698,688,0,10
98,97,0,1
299,259,0,40
398,399,0,-1
799,797,0,2
198,200,0,-2
499,499,0,0
199,197,0,2
99,96,0,3
798,897,0,-99
99,108,0,-9
399,397,0,2
799,831,0,-32
599,597,0,2
898,899,0,-1
599,499,0,100
798,800,0,-2
899,897,0,2
198,197,0,1
299,301,0,-2
98,99,0,-1
99,97,0,2
298,4268,0,-3970
398,400,0,-2
99,96,0,3
499,499,0,0
798,797,0,1
399,397,0,2
698,698,0,0
98,99,0,-1
798,797,0,1
899,899,0,0
798,797,0,1
299,299,0,0
599,600,0,-1
699,699,0,0
398,3297,0,-2899
198,200,0,-2
798,400,0,398
599,600,0,-1
799,799,0,0
298,299,0,-1
798,769,0,29
799,800,0,-1
399,400,0,-1
398,397,0,1
598,600,0,-2
399,,,
898,840,0,58
98,99,0,-1
498,297,0,201
199,200,0,-1
498,298,0,200
298,299,0,-1
99,99,0,0
899,899,0,0
98,200,0,-102
598,600,0,-2
598,600,0,-2
498,499,0,-1
899,897,0,2
798,797,0,1
698,697,0,1
98,99,0,-1
898,897,0,1
398,400,0,-2
799,800,0,-1
399,400,0,-1
599,600,0,-1
298,299,0,-1
499,600,0,-101
899,899,0,0
898,897,0,1
298,299,0,-1
498,497,0,1
98,99,0,-1
898,898,0,0
98,114,0,-16
698,697,0,1
599,600,0,-1
499,499,0,0
798,798,0,0
899,901,0,-2
599,600,0,-1
198,,,
799,797,0,2
499,499,0,0
398,397,0,1
498,499,0,-1
299,299,0,0
399,497,0,-98
399,400,0,-1
98,99,0,-1
898,907,0,-9
398,397,0,1
99,99,0,0
599,597,0,2
799,797,0,2
99,99,0,0
98,98,0,0
298,296,0,2
299,299,0,0
99,99,0,0
798,797,0,1
498,499,0,-1
599,898,0,-299
899,897,0,2
299,299,0,0
498,499,0,-1
899,898,0,1
199,2630,0,-2431
298,299,0,-1
499,499,0,0
899,899,0,0
398,101,0,297
798,800,0,-2
799,797,0,2
199,200,0,-1
98,99,0,-1
299,299,0,0
498,497,0,1
699,699,0,0
398,898,0,-500
99,,,
599,637,0,-38
798,799,0,-1
799,798,0,1
398,397,0,1
498,498,0,0
699,699,0,0
899,899,0,0
198,200,0,-2
498,499,0,-1
699,699,0,0
98,99,0,-1
199,200,0,-1
299,299,0,0
299,299,0,0
499,499,0,0
798,800,0,-2
499,499,0,0
198,197,0,1
699,697,0,2
499,499,0,0
599,607,0,-8
399,397,0,2
199,600,0,-401
99,99,0,0
698,699,0,-1
599,600,0,-1
399,2070,0,-1671
298,200,0,98
799,800,0,-1
599,597,0,2
798,797,0,1
98,99,0,-1
698,700,0,-2
198,299,0,-101
899,897,0,2
498,4428,0,-3930
399,397,0,2
99,99,0,0
298,4710,0,-4412
99,297,0,-198
498,497,0,1
399,397,0,2
698,698,0,0
199,197,0,2
799,797,0,2
398,400,0,-2
499,499,0,0
98,97,0,1
199,,,
699,4560,0,-3861
298,299,0,-1
498,600,0,-102
399,96,0,303
198,200,0,-2
98,97,0,1
699,698,0,1
599,597,0,2
599,597,0,2
599,597,0,2
99,98,0,1
798,797,0,1
98,99,0,-1
599,597,0,2
98,97,0,1
598,600,0,-2
899,899,0,0
499,1430,0,-931
299,297,0,2
398,397,0,1
699,699,0,0
698,699,0,-1
698,350,0,348
499,499,0,0
499,600,0,-101
598,600,0,-2
798,496,0,302
99,98,0,1
599,597,0,2
599,600,0,-1
199,200,0,-1
699,699,0,0
598,594,0,4
399,400,0,-1
699,699,0,0
198,397,0,-199
898,911,0,-13
299,297,0,2
798,797,0,1
899,899,0,0
799,800,0,-1
498,497,0,1
499,497,0,2
799,797,0,2
699,699,0,0
898,897,0,1
99,97,0,2
298,5148,0,-4850
898,899,0,-1
798,795,0,3
598,600,0,-2
299,297,0,2
98,96,0,2
399,501,0,-102
199,197,0,2
698,898,0,-200
698,697,0,1
798,800,0,-2
98,99,0,-1
98,99,0,-1
899,877,0,22
699,699,0,0
398,397,0,1
199,200,0,-1
198,200,0,-2
398,400,0,-2
198,200,0,-2
498,537,0,-39
599,597,0,2
798,797,0,1
598,597,0,1
599,520,0,79
498,499,0,-1
199,197,0,2
199,200,0,-1
298,299,0,-1
98,99,0,-1
199,298,0,-99
398,400,0,-2
199,197,0,2
598,600,0,-2
199,,,
199,197,0,2
299,297,0,2
799,800,0,-1
898,899,0,-1
98,99,0,-1
398,400,0,-2
699,699,0,0
798,800,0,-2
298,301,0,-3
398,397,0,1
398,4178,0,-3780
898,899,0,-1
398,400,0,-2
698,699,0,-1
298,299,0,-1
598,600,0,-2
499,499,0,0
798,800,0,-2
598,600,0,-2
398,397,0,1
899,879,0,20
199,200,0,-1
498,499,0,-1
298,299,0,-1
599,797,0,-198
99,99,0,0
98,99,0,-1
98,99,0,-1
299,299,0,0
99,99,0,0
898,96,0,802
799,797,0,2
298,297,0,1
599,605,0,-6
199,197,0,2
599,597,0,2
799,797,0,2
199,199,0,0
899,899,0,0
198,200,0,-2
398,299,0,99
298,299,0,-1
298,698,0,-400
399,400,0,-1
198,198,0,0
499,600,0,-101
399,397,0,2
499,897,0,-398
499,3760,0,-3261
599,4991,0,-4392
899,899,0,0
398,600,0,-202
298,297,0,1
599,600,0,-1
298,298,0,0
299,297,0,2
99,99,0,0
98,97,0,1
298,400,0,-102
299,299,0,0
799,800,0,-1
898,897,0,1
98,97,0,1
599,597,0,2
699,699,0,0
798,898,0,-100
199,197,0,2
498,697,0,-199
99,99,0,0
298,299,0,-1
298,299,0,-1
198,400,0,-202
699,699,0,0
698,699,0,-1
898,400,0,498
299,297,0,2
98,400,0,-302
499,499,0,0
499,499,0,0
798,600,0,198
198,197,0,1
498,499,0,-1
799,800,0,-1
598,791,0,-193
399,397,0,2
398,400,0,-2
198,197,0,1
398,360,0,38
799,797,0,2
898,897,0,1
799,797,0,2
198,200,0,-2
99,99,0,0
398,204,0,194
699,699,0,0
499,498,0,1
698,699,0,-1
299,297,0,2
898,899,0,-1
98,99,0,-1
99,99,0,0
598,791,0,-193
399,397,0,2
899,899,0,0
299,298,0,1
498,499,0,-1
298,299,0,-1
899,899,0,0
898,,,
498,499,0,-1
798,800,0,-2
499,499,0,0
798,797,0,1
99,99,0,0
899,897,0,2
799,797,0,2
299,297,0,2
498,499,0,-1
598,597,0,1
899,896,0,3
698,698,0,0
398,400,0,-2
598,600,0,-2
898,899,0,-1
298,299,0,-1
298,2467,0,-2169
799,800,0,-1
898,496,0,402
899,899,0,0
398,397,0,1
299,299,0,0
299,299,0,0
598,598,0,0
598,606,0,-8
498,499,0,-1
599,597,0,2
499,499,0,0
498,96,0,402
799,800,0,-1
698,400,0,298
99,2897,0,-2798
799,797,0,2
99,99,0,0
798,800,0,-2
299,299,0,0
499,499,0,0
398,195,0,203
798,798,0,0
599,597,0,2
399,400,0,-1
799,800,0,-1
798,800,0,-2
599,597,0,2
899,800,0,99
298,299,0,-1
299,299,0,0
199,151,0,48
498,499,0,-1
298,200,0,98
798,797,0,1
498,499,0,-1
298,297,0,1
498,499,0,-1
199,200,0,-1
799,797,0,2
99,97,0,2
898,697,0,201
399,379,0,20
798,800,0,-2
699,699,0,0
699,697,0,2
799,797,0,2
799,795,0,4
299,296,0,3
199,197,0,2
899,797,0,102
898,897,0,1
898,800,0,98
398,397,0,1
698,699,0,-1
699,677,0,22
598,600,0,-2
298,299,0,-1
498,499,0,-1
198,197,0,1
799,797,0,2
99,99,0,0
398,393,0,5
598,697,0,-99
99,99,0,0
98,99,0,-1
499,499,0,0
298,297,0,1
899,897,0,2
499,501,0,-2
599,598,0,1
299,296,0,3
898,899,0,-1
498,499,0,-1
499,197,0,302
798,797,0,1
599,597,0,2
899,883,0,16
799,797,0,2
599,597,0,2
99,99,0,0
698,699,0,-1
599,600,0,-1
598,96,0,502
299,320,0,-21
799,800,0,-1
398,400,0,-2
499,,,
799,800,0,-1
799,800,0,-1
98,99,0,-1
899,901,0,-2
398,200,0,198
698,600,0,98
598,598,0,0
499,600,0,-101
698,707,0,-9
798,809,0,-11
198,200,0,-2
899,4388,0,-3489
699,698,0,1
398,4077,0,-3679
598,600,0,-2
799,800,0,-1
898,899,0,-1
498,499,0,-1
98,99,0,-1
99,197,0,-98
698,697,0,1
98,95,0,3
499,499,0,0
699,699,0,0
799,800,0,-1
299,4338,0,-4039
798,,,
598,597,0,1
398,397,0,1
499,547,0,-48
699,699,0,0
698,697,0,1
199,200,0,-1
99,99,0,0
398,397,0,1
398,320,0,78
298,299,0,-1
398,501,0,-103
899,899,0,0
799,797,0,2
898,5360,0,-4462
898,897,0,1
198,96,0,102
99,99,0,0
399,400,0,-1
298,4637,0,-4339
598,600,0,-2
299,297,0,2
898,897,0,1
99,98,0,1
599,600,0,-1
699,699,0,0
498,499,0,-1
798,800,0,-2
599,599,0,0
399,397,0,2
599,640,0,-41
599,594,0,5
799,800,0,-1
799,797,0,2
99,3948,0,-3849
698,696,0,2
598,600,0,-2
798,800,0,-2
699,697,0,2
798,797,0,1
199,197,0,2
898,899,0,-1
199,97,0,102
599,600,0,-1
298,299,0,-1
798,797,0,1
898,899,0,-1
899,899,0,0
299,299,0,0
199,200,0,-1
899,877,0,22
298,600,0,-302
599,600,0,-1
799,800,0,-1
98,99,0,-1
899,897,0,2
898,898,0,0
799,806,0,-7
98,97,0,1
898,899,0,-1
599,600,0,-1
299,297,0,2
398,400,0,-2
298,299,0,-1
898,897,0,1
799,797,0,2
398,397,0,1
398,497,0,-99
399,397,0,2
799,799,0,0
399,200,0,199
898,899,0,-1
498,499,0,-1
599,597,0,2
299,101,0,198
299,299,0,0
199,299,0,-100
499,499,0,0
898,897,0,1
898,899,0,-1
398,400,0,-2
198,197,0,1
299,297,0,2
99,99,0,0
398,397,0,1
299,299,0,0
99,200,0,-101
98,3067,0,-2969
698,699,0,-1
199,197,0,2
98,99,0,-1
898,897,0,1
899,899,0,0
599,600,0,-1
598,198,0,400
99,197,0,-98
298,299,0,-1
499,499,0,0
798,797,0,1
399,400,0,-1
499,505,0,-6
99,198,0,-99
898,899,0,-1
199,200,0,-1
499,499,0,0
498,499,0,-1
99,99,0,0
199,200,0,-1
298,299,0,-1
799,800,0,-1
398,398,0,0
398,398,0,0
499,499,0,0
699,801,0,-102
98,296,0,-198
98,97,0,1
199,497,0,-298
99,97,0,2
798,791,0,7
699,805,0,-106
699,701,0,-2
898,898,0,0
599,,,
499,497,0,2
98,99,0,-1
199,200,0,-1
799,800,0,-1
98,99,0,-1
98,99,0,-1
398,397,0,1
799,797,0,2
699,699,0,0
698,4083,0,-3385
499,499,0,0
198,197,0,1
398,400,0,-2
698,699,0,-1
499,499,0,0
199,197,0,2
399,406,0,-7
698,699,0,-1
99,99,0,0
799,800,0,-1
98,99,0,-1
198,197,0,1
499,898,0,-399
198,197,0,1
198,200,0,-2
798,797,0,1
898,907,0,-9
799,797,0,2
198,197,0,1
99,99,0,0
798,800,0,-2
98,98,0,0
598,597,0,1
498,499,0,-1
299,299,0,0
698,699,0,-1
898,501,0,397
199,200,0,-1
199,200,0,-1
899,899,0,0
98,96,0,2
198,197,0,1
899,899,0,0
399,400,0,-1
798,797,0,1
499,547,0,-48
399,397,0,2
99,99,0,0
599,597,0,2
499,497,0,2
298,400,0,-102
699,699,0,0
199,498,0,-299
898,899,0,-1
298,299,0,-1
99,99,0,0
899,899,0,0
398,400,0,-2
699,699,0,0
499,499,0,0
798,800,0,-2
798,797,0,1
699,699,0,0
98,99,0,-1
199,197,0,2
299,299,0,0
698,699,0,-1
499,501,0,-2
499,497,0,2
799,799,0,0
599,597,0,2
699,697,0,2
398,397,0,1
898,897,0,1
298,299,0,-1
298,297,0,1
299,299,0,0
598,597,0,1
99,97,0,2
298,299,0,-1
798,800,0,-2
798,797,0,1
899,899,0,0
598,600,0,-2
499,499,0,0
99,99,0,0
98,97,0,1
799,797,0,2
298,299,0,-1
198,200,0,-2
798,897,0,-99
399,400,0,-1
399,400,0,-1
699,907,0,-208
398,397,0,1
398,400,0,-2
698,699,0,-1
498,499,0,-1
198,200,0,-2
498,497,0,1
98,99,0,-1
198,200,0,-2
398,400,0,-2
199,298,0,-99
299,299,0,0
299,299,0,0
898,296,0,602
698,699,0,-1
398,397,0,1
599,617,0,-18
99,205,0,-106
98,97,0,1
98,99,0,-1
198,197,0,1
699,697,0,2
399,400,0,-1
799,800,0,-1
99,99,0,0
198,200,0,-2
498,497,0,1
99,99,0,0
899,899,0,0
799,797,0,2
798,800,0,-2
599,5478,0,-4879
499,501,0,-2
499,489,0,10
98,197,0,-99
398,398,0,0
799,800,0,-1
299,297,0,2
99,,,
599,597,0,2
298,397,0,-99
199,197,0,2
98,97,0,1
498,497,0,1
699,696,0,3
198,197,0,1
498,499,0,-1
798,797,0,1
399,397,0,2
699,699,0,0
898,899,0,-1
498,499,0,-1
99,99,0,0
498,499,0,-1
798,797,0,1
199,4750,0,-4551
398,397,0,1
698,697,0,1
199,200,0,-1
499,499,0,0
898,899,0,-1
799,800,0,-1
498,697,0,-199
398,397,0,1
698,707,0,-9
198,197,0,1
199,202,0,-3
99,4680,0,-4581
599,497,0,102
499,489,0,10
898,899,0,-1
199,200,0,-1
798,797,0,1
398,400,0,-2
798,797,0,1
99,99,0,0
298,297,0,1
698,797,0,-99
299,301,0,-2
499,499,0,0
798,797,0,1
899,899,0,0
299,299,0,0
799,797,0,2
798,800,0,-2
298,299,0,-1
598,597,0,1
99,99,0,0
599,597,0,2
498,499,0,-1
599,597,0,2
898,897,0,1
799,797,0,2
699,699,0,0
199,197,0,2
399,397,0,2
899,897,0,2
98,,,
199,197,0,2
399,400,0,-1
599,699,0,-100
799,800,0,-1
298,299,0,-1
799,806,0,-7
599,597,0,2
99,99,0,0
898,901,0,-3
898,877,0,21
798,805,0,-7
898,899,0,-1
598,600,0,-2
499,499,0,0
198,,,
399,3560,0,-3161
599,597,0,2
799,800,0,-1
98,99,0,-1
398,400,0,-2
398,397,0,1
898,994,0,-96
898,899,0,-1
499,507,0,-8
499,499,0,0
799,800,0,-1
598,597,0,1
599,600,0,-1
899,899,0,0
598,600,0,-2
498,551,0,-53
499,499,0,0
399,398,0,1
699,697,0,2
798,800,0,-2
399,400,0,-1
298,297,0,1
598,599,0,-1
898,899,0,-1
399,398,0,1
898,880,0,18
499,497,0,2
599,791,0,-192
99,99,0,0
198,197,0,1
598,600,0,-2
398,400,0,-2
799,797,0,2
498,477,0,21
398,400,0,-2
798,800,0,-2
498,499,0,-1
99,97,0,2
598,597,0,1
698,699,0,-1
399,400,0,-1
798,799,0,-1
199,296,0,-97
99,99,0,0
499,497,0,2
499,499,0,0
698,697,0,1
799,4428,0,-3629
199,200,0,-1
699,699,0,0
799,802,0,-3
499,499,0,0
899,1042,0,-143
798,805,0,-7
99,96,0,3
799,800,0,-1
799,800,0,-1
198,200,0,-2
599,597,0,2
99,96,0,3
199,197,0,2
698,699,0,-1
199,200,0,-1
498,499,0,-1
98,99,0,-1
499,511,0,-12
398,397,0,1
399,400,0,-1
198,197,0,1
598,597,0,1
699,697,0,2
398,296,0,102
498,499,0,-1
499,499,0,0
299,297,0,2
498,497,0,1
398,96,0,302
499,499,0,0
499,600,0,-101
698,699,0,-1
699,699,0,0
498,697,0,-199
699,720,0,-21
99,99,0,0
598,605,0,-7
398,400,0,-2
498,520,0,-22
598,597,0,1
198,197,0,1
198,598,0,-400
799,797,0,2
898,907,0,-9
399,400,0,-1
599,600,0,-1
598,600,0,-2
898,937,0,-39
399,397,0,2
799,797,0,2
799,800,0,-1
399,400,0,-1
498,498,0,0
799,800,0,-1
99,97,0,2
299,299,0,0
499,499,0,0
498,499,0,-1
898,899,0,-1
299,,,
498,497,0,1
498,499,0,-1
898,897,0,1
199,200,0,-1
298,,,
198,,,
398,697,0,-299
399,403,0,-4
898,899,0,-1
499,600,0,-101
498,497,0,1
398,200,0,198
298,299,0,-1
799,799,0,0
398,397,0,1
798,797,0,1
298,299,0,-1
399,597,0,-198
899,899,0,0
598,600,0,-2
598,600,0,-2
299,400,0,-101
399,397,0,2
298,299,0,-1
98,98,0,0
499,499,0,0
798,800,0,-2
198,197,0,1
799,800,0,-1
98,97,0,1
399,397,0,2
99,97,0,2
899,920,0,-21
599,600,0,-1
99,97,0,2
399,397,0,2
398,397,0,1
698,699,0,-1
399,398,0,1
499,501,0,-2
399,400,0,-1
498,497,0,1
899,897,0,2
798,800,0,-2
398,397,0,1
698,697,0,1
498,497,0,1
799,797,0,2
799,797,0,2
499,499,0,0
499,499,0,0
299,295,0,4
298,297,0,1
399,400,0,-1
698,699,0,-1
698,699,0,-1
299,297,0,2
398,398,0,0
899,899,0,0
699,711,0,-12
198,200,0,-2
298,297,0,1
598,600,0,-2
599,597,0,2
599,600,0,-1
398,400,0,-2
598,794,0,-196
99,99,0,0
399,296,0,103
199,197,0,2
898,897,0,1
99,97,0,2
898,899,0,-1
99,99,0,0
299,301,0,-2
198,197,0,1
198,199,0,-1
898,907,0,-9
299,299,0,0
498,499,0,-1
799,896,0,-97
398,400,0,-2
499,499,0,0
899,901,0,-2
198,197,0,1
299,301,0,-2
898,907,0,-9
598,597,0,1
498,498,0,0
799,800,0,-1
798,800,0,-2
398,397,0,1
799,806,0,-7
398,397,0,1
99,99,0,0
799,800,0,-1
298,301,0,-3
98,197,0,-99
98,99,0,-1
298,299,0,-1
898,899,0,-1
199,200,0,-1
398,400,0,-2
198,197,0,1
499,499,0,0
199,217,0,-18
598,296,0,302
799,797,0,2
199,200,0,-1
299,299,0,0
398,397,0,1
598,597,0,1
399,398,0,1
199,198,0,1
798,800,0,-2
298,299,0,-1
899,899,0,0
798,898,0,-100
499,499,0,0
299,299,0,0
99,97,0,2
698,720,0,-22
799,800,0,-1
898,937,0,-39
598,600,0,-2
698,697,0,1
899,897,0,2
899,899,0,0
298,299,0,-1
898,897,0,1
798,797,0,1
399,297,0,102
598,600,0,-2
498,496,0,2
599,597,0,2
699,699,0,0
699,699,0,0
299,299,0,0
199,200,0,-1
198,200,0,-2
699,699,0,0
499,400,0,99
598,600,0,-2
98,4600,0,-4502
899,899,0,0
499,499,0,0
799,800,0,-1
98,99,0,-1
699,600,0,99
899,899,0,0
99,99,0,0
498,499,0,-1
399,397,0,2
198,197,0,1
499,497,0,2
298,299,0,-1
598,600,0,-2
499,301,0,198
698,697,0,1
99,99,0,0
298,299,0,-1
698,699,0,-1
299,299,0,0
698,697,0,1
299,297,0,2
398,445,0,-47
799,800,0,-1
698,699,0,-1
899,897,0,2
99,501,0,-402
599,501,0,98
899,899,0,0
799,797,0,2
198,197,0,1
498,497,0,1
199,200,0,-1
798,797,0,1
98,99,0,-1
299,297,0,2
699,697,0,2
498,499,0,-1
898,897,0,1
99,99,0,0
199,200,0,-1
699,699,0,0
698,699,0,-1
299,299,0,0
499,497,0,2
799,800,0,-1
898,897,0,1
899,899,0,0
798,800,0,-2
199,200,0,-1
198,200,0,-2
698,697,0,1
398,437,0,-39
699,699,0,0
599,597,0,2
598,597,0,1
198,200,0,-2
198,299,0,-101
99,99,0,0
698,697,0,1
698,2708,0,-2010
199,200,0,-1
598,597,0,1
99,99,0,0
899,899,0,0
199,200,0,-1
398,400,0,-2
899,897,0,2
398,397,0,1
499,497,0,2
499,499,0,0
899,907,0,-8
699,714,0,-15
199,301,0,-102
898,897,0,1
498,497,0,1
299,299,0,0
198,197,0,1
98,99,0,-1
799,797,0,2
98,99,0,-1
699,697,0,2
198,197,0,1
899,899,0,0
598,597,0,1
198,197,0,1
898,899,0,-1
299,299,0,0
699,697,0,2
798,800,0,-2
299,4511,0,-4212
899,899,0,0
299,299,0,0
899,,,
399,397,0,2
299,297,0,2
198,198,0,0
298,299,0,-1
299,299,0,0
699,699,0,0
299,299,0,0
898,899,0,-1
898,911,0,-13
99,99,0,0
898,,,
699,192,0,507
899,897,0,2
699,698,0,1
899,899,0,0
399,397,0,2
898,899,0,-1
698,697,0,1
598,600,0,-2
499,499,0,0
399,397,0,2
298,299,0,-1
798,800,0,-2
398,400,0,-2
499,499,0,0
598,600,0,-2
298,800,0,-502
399,397,0,2
199,200,0,-1
199,197,0,2
499,499,0,0
498,499,0,-1
298,297,0,1
198,197,0,1
98,4430,0,-4332
199,198,0,1
599,597,0,2
699,707,0,-8
598,600,0,-2
399,400,0,-1
399,697,0,-298
298,701,0,-403
99,99,0,0
898,899,0,-1
499,497,0,2
499,497,0,2
799,800,0,-1
298,298,0,0
198,197,0,1
399,202,0,197
798,797,0,1
798,797,0,1
699,,,
98,99,0,-1
99,99,0,0
698,686,0,12
598,,,
799,800,0,-1
299,607,0,-308
599,600,0,-1
298,299,0,-1
899,889,0,10
698,707,0,-9
799,797,0,2
798,797,0,1
499,499,0,0
198,200,0,-2
599,600,0,-1
298,301,0,-3
698,797,0,-99
599,600,0,-1
98,98,0,0
498,499,0,-1
399,400,0,-1
699,686,0,13
598,595,0,3
399,497,0,-98
399,397,0,2
398,397,0,1
599,399,0,200
299,299,0,0
499,499,0,0
99,101,0,-2
798,797,0,1
399,501,0,-102
699,699,0,0
899,905,0,-6
798,800,0,-2
698,699,0,-1
898,907,0,-9
198,197,0,1
199,197,0,2
498,499,0,-1
798,3777,0,-2979
399,397,0,2
499,497,0,2
599,600,0,-1
399,397,0,2
799,794,0,5
399,200,0,199
898,,,
98,200,0,-102
98,99,0,-1
299,297,0,2
298,400,0,-102
699,699,0,0
698,697,0,1
98,99,0,-1
898,907,0,-9
299,299,0,0
298,297,0,1
898,899,0,-1
698,737,0,-39
898,899,0,-1
698,497,0,201
499,497,0,2
398,397,0,1
798,800,0,-2
99,96,0,3
198,197,0,1
798,797,0,1
99,99,0,0
598,597,0,1
199,200,0,-1
299,794,0,-495
599,600,0,-1
698,697,0,1
99,99,0,0
498,499,0,-1
598,597,0,1
399,397,0,2
299,299,0,0
498,497,0,1
499,400,0,99
98,97,0,1
898,897,0,1
498,501,0,-3
499,497,0,2
798,797,0,1
799,697,0,102
98,99,0,-1
498,499,0,-1
98,,,
399,397,0,2
799,800,0,-1
898,800,0,98
698,797,0,-99
98,200,0,-102
398,400,0,-2
699,711,0,-12
298,297,0,1
398,96,0,302
599,597,0,2
499,501,0,-2
499,497,0,2
299,297,0,2
299,297,0,2
698,699,0,-1
98,99,0,-1
698,699,0,-1
98,99,0,-1
199,200,0,-1
798,800,0,-2
399,400,0,-1
598,96,0,502
499,501,0,-2
399,397,0,2
798,800,0,-2
299,299,0,0
98,97,0,1
699,697,0,2
199,200,0,-1
798,600,0,198
99,95,0,4
898,897,0,1
899,899,0,0
698,699,0,-1
698,677,0,21
98,296,0,-198
198,200,0,-2
198,197,0,1
499,499,0,0
798,797,0,1
899,899,0,0
498,499,0,-1
898,897,0,1
799,897,0,-98
198,200,0,-2
198,197,0,1
799,198,0,601
299,200,0,99
298,298,0,0
199,397,0,-198
98,99,0,-1
899,899,0,0
399,400,0,-1
699,699,0,0
499,499,0,0
799,797,0,2
498,497,0,1
699,697,0,2
899,4972,0,-4073
699,699,0,0
798,797,0,1
898,897,0,1
299,299,0,0
599,597,0,2
799,797,0,2
98,99,0,-1
99,99,0,0
698,697,0,1
898,899,0,-1
499,498,0,1
199,197,0,2
498,499,0,-1
99,99,0,0
98,99,0,-1
399,897,0,-498
498,497,0,1
99,101,0,-2
498,498,0,0
199,497,0,-298
298,299,0,-1
699,699,0,0
898,899,0,-1
499,501,0,-2
299,98,0,201
799,800,0,-1
198,200,0,-2
798,800,0,-2
99,99,0,0
99,99,0,0
299,299,0,0
699,699,0,0
898,899,0,-1
498,497,0,1
698,697,0,1
198,197,0,1
698,697,0,1
699,697,0,2
298,293,0,5
298,200,0,98
198,201,0,-3
99,99,0,0
898,987,0,-89
698,608,0,90
598,600,0,-2
698,699,0,-1
599,597,0,2
798,98,0,700
98,108,0,-10
599,600,0,-1
699,699,0,0
499,499,0,0
299,299,0,0
699,697,0,2
398,397,0,1
898,907,0,-9
498,508,0,-10
799,797,0,2
398,397,0,1
598,508,0,90
99,99,0,0
699,697,0,2
398,397,0,1
198,200,0,-2
399,397,0,2
898,899,0,-1
98,99,0,-1
299,299,0,0
199,200,0,-1
99,99,0,0
298,299,0,-1
799,751,0,48
699,707,0,-8
799,800,0,-1
698,397,0,301
698,699,0,-1
898,899,0,-1
899,898,0,1
798,698,0,100
698,697,0,1
598,600,0,-2
798,797,0,1
399,400,0,-1
399,397,0,2
298,299,0,-1
799,797,0,2
699,699,0,0
398,397,0,1
598,600,0,-2
199,197,0,2
99,97,0,2
399,397,0,2
398,397,0,1
899,899,0,0
198,200,0,-2
598,600,0,-2
699,701,0,-2
498,499,0,-1
299,299,0,0
98,99,0,-1
499,477,0,22
598,597,0,1
499,499,0,0
499,499,0,0
499,101,0,398
498,497,0,1
398,397,0,1
198,200,0,-2
698,699,0,-1
199,197,0,2
399,400,0,-1
399,296,0,103
898,901,0,-3
598,600,0,-2
799,797,0,2
698,698,0,0
199,200,0,-1
299,5722,0,-5423
99,96,0,3
698,600,0,98
399,898,0,-499
599,597,0,2
299,297,0,2
199,200,0,-1
698,699,0,-1
498,499,0,-1
798,797,0,1
799,797,0,2
698,699,0,-1
98,96,0,2
599,598,0,1
798,800,0,-2
98,97,0,1
398,400,0,-2
698,697,0,1
399,400,0,-1
498,499,0,-1
798,797,0,1
99,99,0,0
898,897,0,1
98,99,0,-1
599,600,0,-1
699,698,0,1
899,896,0,3
798,797,0,1
398,397,0,1
99,107,0,-8
198,200,0,-2
498,497,0,1
199,197,0,2
199,297,0,-98
698,699,0,-1
599,597,0,2
899,899,0,0
499,499,0,0
199,200,0,-1
699,800,0,-101
198,197,0,1
99,97,0,2
98,99,0,-1
798,800,0,-2
99,99,0,0
899,899,0,0
798,697,0,101
199,197,0,2
899,1037,0,-138
399,400,0,-1
399,400,0,-1
199,200,0,-1
399,397,0,2
899,897,0,2
599,587,0,12
498,499,0,-1
299,299,0,0
698,699,0,-1
699,699,0,0
399,400,0,-1
698,751,0,-53
99,99,0,0
298,298,0,0
398,499,0,-101
498,499,0,-1
499,499,0,0
698,699,0,-1
599,600,0,-1
899,899,0,0
599,600,0,-1
898,899,0,-1
599,599,0,0
98,99,0,-1
698,697,0,1
798,798,0,0
198,197,0,1
198,197,0,1
899,897,0,2
798,800,0,-2
398,397,0,1
699,699,0,0
198,301,0,-103
499,497,0,2
298,351,0,-53
398,96,0,302
499,499,0,0
498,499,0,-1
199,301,0,-102
598,600,0,-2
898,897,0,1
198,197,0,1
499,499,0,0
299,320,0,-21
898,899,0,-1
898,897,0,1
799,797,0,2
499,499,0,0
399,400,0,-1
798,797,0,1
198,197,0,1
899,899,0,0
99,99,0,0
699,699,0,0
299,297,0,2
199,200,0,-1
198,206,0,-8
598,600,0,-2
599,597,0,2
598,600,0,-2
299,299,0,0
399,400,0,-1
899,389,0,510
98,98,0,0
898,899,0,-1
498,498,0,0
99,99,0,0
799,799,0,0
698,697,0,1
198,3788,0,-3590
498,501,0,-3
99,97,0,2
698,897,0,-199
99,97,0,2
299,299,0,0
498,511,0,-13
399,397,0,2
198,200,0,-2
298,600,0,-302
298,498,0,-200
399,400,0,-1
898,907,0,-9
798,799,0,-1
399,400,0,-1
898,600,0,298
499,497,0,2
899,899,0,0
198,4480,0,-4282
899,897,0,2
799,800,0,-1
99,96,0,3
798,897,0,-99
898,877,0,21
599,597,0,2
398,397,0,1
99,98,0,1
198,,,
98,96,0,2
699,699,0,0
198,200,0,-2
699,699,0,0
498,499,0,-1
498,499,0,-1
198,96,0,102
399,397,0,2
99,96,0,3
398,397,0,1
698,697,0,1
598,600,0,-2
599,598,0,1
898,897,0,1
798,797,0,1
799,800,0,-1
498,499,0,-1
498,498,0,0
898,897,0,1
698,699,0,-1
698,697,0,1
598,597,0,1
899,899,0,0
799,797,0,2
99,697,0,-598
499,480,0,19
298,299,0,-1
798,797,0,1
898,899,0,-1
499,497,0,2
599,600,0,-1
799,800,0,-1
299,296,0,3
198,197,0,1
598,301,0,297
598,600,0,-2
898,899,0,-1
499,497,0,2
798,797,0,1
898,899,0,-1
798,799,0,-1
299,299,0,0
398,397,0,1
398,400,0,-2
299,400,0,-101
98,99,0,-1
898,899,0,-1
198,200,0,-2
699,699,0,0
499,501,0,-2
99,99,0,0
398,397,0,1
598,597,0,1
499,499,0,0
698,699,0,-1
299,301,0,-2
99,197,0,-98
699,697,0,2
899,901,0,-2
899,899,0,0
298,296,0,2
199,898,0,-699
99,99,0,0
399,400,0,-1
599,697,0,-98
99,99,0,0
398,398,0,0
899,897,0,2
899,899,0,0
499,499,0,0
498,497,0,1
98,99,0,-1
798,797,0,1
98,99,0,-1
499,499,0,0
498,497,0,1
299,299,0,0
299,299,0,0
499,499,0,0
898,897,0,1
598,96,0,502
499,499,0,0
298,299,0,-1
698,699,0,-1
498,499,0,-1
798,800,0,-2
699,699,0,0
298,297,0,1
699,797,0,-98
398,397,0,1
898,898,0,0
898,899,0,-1
98,79,0,19
99,99,0,0
799,3828,0,-3029
799,800,0,-1
198,200,0,-2
698,699,0,-1
99,98,0,1
198,101,0,97
798,800,0,-2
98,99,0,-1
599,600,0,-1
699,699,0,0
499,499,0,0
798,797,0,1
399,395,0,4
398,397,0,1
799,797,0,2
899,897,0,2
898,901,0,-3
198,198,0,0
698,696,0,2
98,99,0,-1
198,200,0,-2
298,200,0,98
899,899,0,0
798,800,0,-2
898,897,0,1
798,797,0,1
198,197,0,1
499,501,0,-2
99,99,0,0
799,800,0,-1
498,498,0,0
498,499,0,-1
398,397,0,1
399,400,0,-1
599,600,0,-1
898,899,0,-1
399,397,0,2
899,899,0,0
299,299,0,0
98,99,0,-1
898,897,0,1
499,497,0,2
798,800,0,-2
98,99,0,-1
198,199,0,-1
198,200,0,-2
99,97,0,2
98,298,0,-200
399,397,0,2
98,99,0,-1
599,597,0,2
798,800,0,-2
798,800,0,-2
399,397,0,2
299,299,0,0
898,5040,0,-4142
698,699,0,-1
398,497,0,-99
798,797,0,1
798,797,0,1
299,299,0,0
99,99,0,0
599,597,0,2
399,2394,0,-1995
298,299,0,-1
498,499,0,-1
898,897,0,1
699,697,0,2
699,697,0,2
398,698,0,-300
98,96,0,2
798,800,0,-2
798,794,0,4
199,498,0,-299
798,800,0,-2
498,499,0,-1
399,437,0,-38
698,697,0,1
698,707,0,-9
299,297,0,2
299,299,0,0
299,298,0,1
798,800,0,-2
498,499,0,-1
898,697,0,201
98,99,0,-1
299,299,0,0
798,800,0,-2
98,97,0,1
499,597,0,-98
598,597,0,1
399,397,0,2
799,797,0,2
598,597,0,1
299,299,0,0
799,697,0,102
598,600,0,-2
499,5040,0,-4541
799,198,0,601
299,299,0,0
899,899,0,0
198,197,0,1
699,699,0,0
399,800,0,-401
899,899,0,0
799,806,0,-7
498,501,0,-3
599,600,0,-1
98,99,0,-1
899,897,0,2
899,897,0,2
899,920,0,-21
399,400,0,-1
199,698,0,-499
199,5228,0,-5029
99,397,0,-298
698,695,0,3
498,499,0,-1
98,99,0,-1
598,1217,0,-619
898,911,0,-13
199,200,0,-1
399,397,0,2
599,600,0,-1
599,600,0,-1
698,697,0,1
798,,,
899,805,0,94
399,498,0,-99
898,897,0,1
298,299,0,-1
298,299,0,-1
398,400,0,-2
499,597,0,-98
98,200,0,-102
398,400,0,-2
199,197,0,2
198,197,0,1
698,697,0,1
299,298,0,1
199,200,0,-1
698,699,0,-1
599,808,0,-209
499,498,0,1
199,198,0,1
399,397,0,2
98,397,0,-299
98,96,0,2
499,499,0,0
598,600,0,-2
499,499,0,0
498,898,0,-400
599,600,0,-1
499,498,0,1
199,199,0,0
299,297,0,2
598,600,0,-2
99,101,0,-2
198,197,0,1
98,99,0,-1
399,397,0,2
799,797,0,2
898,899,0,-1
98,101,0,-3
98,198,0,-100
398,605,0,-207
599,597,0,2
498,498,0,0
698,699,0,-1
598,600,0,-2
899,897,0,2
498,497,0,1
299,297,0,2
798,800,0,-2
398,397,0,1
899,897,0,2
198,197,0,1
899,899,0,0
598,597,0,1
699,699,0,0
898,911,0,-13
99,97,0,2
398,397,0,1
799,800,0,-1
498,497,0,1
699,707,0,-8
798,899,0,-101
398,397,0,1
499,400,0,99
398,400,0,-2
99,97,0,2
99,99,0,0
398,400,0,-2
698,699,0,-1
499,499,0,0
99,99,0,0
98,99,0,-1
899,899,0,0
699,711,0,-12
99,98,0,1
199,400,0,-201
299,299,0,0
98,99,0,-1
198,200,0,-2
599,597,0,2
499,499,0,0
299,299,0,0
799,797,0,2
699,699,0,0
599,600,0,-1
298,5318,0,-5020
99,4400,0,-4301
98,99,0,-1
599,600,0,-1
498,496,0,2
399,400,0,-1
899,899,0,0
198,200,0,-2
499,497,0,2
99,99,0,0
598,597,0,1
798,797,0,1
598,803,0,-205
898,899,0,-1
98,99,0,-1
298,299,0,-1
498,511,0,-13
698,699,0,-1
99,99,0,0
98,99,0,-1
299,299,0,0
899,899,0,0
699,699,0,0
398,397,0,1
299,299,0,0
298,1400,0,-1102
698,720,0,-22
598,469,0,129
899,899,0,0
699,699,0,0
698,699,0,-1
298,299,0,-1
898,899,0,-1
599,599,0,0
199,197,0,2
98,99,0,-1
899,899,0,0
899,4404,0,-3505
198,197,0,1
698,697,0,1
99,99,0,0
98,97,0,1
498,499,0,-1
199,197,0,2
399,400,0,-1
298,296,0,2
899,198,0,701
299,299,0,0
498,498,0,0
898,897,0,1
399,397,0,2
799,397,0,402
199,296,0,-97
499,400,0,99
699,699,0,0
899,899,0,0
399,397,0,2
299,299,0,0
899,899,0,0
598,600,0,-2
198,,,
399,,,
598,600,0,-2
399,897,0,-498
298,498,0,-200
599,597,0,2
599,597,0,2
899,899,0,0
199,197,0,2
498,501,0,-3
399,401,0,-2
398,397,0,1
98,99,0,-1
99,99,0,0
498,497,0,1
898,397,0,501
298,299,0,-1
598,597,0,1
98,96,0,2
599,600,0,-1
399,397,0,2
699,699,0,0
498,499,0,-1
98,99,0,-1
498,497,0,1
899,899,0,0
398,498,0,-100
599,600,0,-1
698,699,0,-1
199,200,0,-1
399,397,0,2
499,501,0,-2
898,2507,0,-1609
299,299,0,0
698,699,0,-1
99,99,0,0
399,280,0,119
599,600,0,-1
598,597,0,1
498,499,0,-1
199,197,0,2
799,797,0,2
499,497,0,2
498,96,0,402
599,520,0,79
198,197,0,1
499,499,0,0
299,299,0,0
299,205,0,94
599,600,0,-1
699,699,0,0
299,299,0,0
399,397,0,2
598,600,0,-2
499,400,0,99
298,299,0,-1
598,600,0,-2
498,499,0,-1
198,197,0,1
699,697,0,2
599,600,0,-1
199,200,0,-1
699,697,0,2
698,697,0,1
498,497,0,1
199,197,0,2
199,200,0,-1
499,497,0,2
599,600,0,-1
798,800,0,-2
199,197,0,2
899,899,0,0
199,195,0,4
698,4947,0,-4249
299,299,0,0
99,99,0,0
198,200,0,-2
699,699,0,0
199,195,0,4
198,200,0,-2
698,699,0,-1
99,99,0,0
598,600,0,-2
698,699,0,-1
798,800,0,-2
398,400,0,-2
898,907,0,-9
698,697,0,1
599,591,0,8
298,299,0,-1
298,299,0,-1
398,400,0,-2
299,299,0,0
899,899,0,0
599,600,0,-1
298,299,0,-1
898,2947,0,-2049
398,397,0,1
399,397,0,2
699,699,0,0
198,197,0,1
399,400,0,-1
899,899,0,0
898,899,0,-1
298,301,0,-3
899,897,0,2
599,600,0,-1
299,299,0,0
598,598,0,0
699,699,0,0
898,897,0,1
499,499,0,0
799,799,0,0
499,499,0,0
898,899,0,-1
599,597,0,2
398,400,0,-2
798,797,0,1
798,3908,0,-3110
899,895,0,4
99,99,0,0
898,897,0,1
198,197,0,1
799,800,0,-1
99,99,0,0
898,899,0,-1
399,397,0,2
498,499,0,-1
499,499,0,0
799,800,0,-1
598,600,0,-2
99,99,0,0
898,899,0,-1
498,497,0,1
198,200,0,-2
699,697,0,2
699,699,0,0
698,697,0,1
698,699,0,-1
399,400,0,-1
699,699,0,0
99,99,0,0
498,497,0,1
98,97,0,1
899,899,0,0
799,800,0,-1
399,400,0,-1
198,197,0,1
298,299,0,-1
399,397,0,2
198,197,0,1
898,907,0,-9
398,194,0,204
898,897,0,1
398,397,0,1
699,699,0,0
499,,,
898,897,0,1
799,797,0,2
98,98,0,0
198,197,0,1
398,397,0,1
798,298,0,500
598,597,0,1
99,99,0,0
798,800,0,-2
398,397,0,1
599,597,0,2
398,400,0,-2
798,797,0,1
798,598,0,200
498,499,0,-1
399,400,0,-1
499,499,0,0
298,299,0,-1
698,720,0,-22
598,600,0,-2
698,699,0,-1
699,697,0,2
198,197,0,1
598,597,0,1
698,699,0,-1
299,298,0,1
399,400,0,-1
898,901,0,-3
799,2600,0,-1801
99,99,0,0
198,197,0,1
99,96,0,3
598,597,0,1
798,800,0,-2
799,797,0,2
99,96,0,3
399,397,0,2
299,297,0,2
698,699,0,-1
299,320,0,-21
99,99,0,0
98,99,0,-1
899,897,0,2
199,200,0,-1
98,97,0,1
799,800,0,-1
199,200,0,-1
499,501,0,-2
199,200,0,-1
99,99,0,0
98,97,0,1
198,197,0,1
798,797,0,1
299,299,0,0
298,301,0,-3
598,597,0,1
499,499,0,0
298,299,0,-1
498,499,0,-1
299,497,0,-198
798,800,0,-2
198,405,0,-207
899,1000,0,-101
199,200,0,-1
798,797,0,1
299,299,0,0
698,699,0,-1
199,200,0,-1
199,96,0,103
798,805,0,-7
899,899,0,0
399,400,0,-1
98,,,
798,800,0,-2
398,397,0,1
699,697,0,2
298,299,0,-1
798,797,0,1
399,400,0,-1
598,597,0,1
199,200,0,-1
298,299,0,-1
298,299,0,-1
698,699,0,-1
398,397,0,1
299,400,0,-101
299,297,0,2
799,800,0,-1
299,299,0,0
799,800,0,-1
798,797,0,1
698,699,0,-1
99,98,0,1
698,898,0,-200
498,605,0,-107
898,899,0,-1
898,897,0,1
498,499,0,-1
599,598,0,1
498,499,0,-1
799,800,0,-1
498,498,0,0
99,99,0,0
899,898,0,1
499,499,0,0
799,797,0,2
99,97,0,2
99,97,0,2
798,800,0,-2
598,597,0,1
899,899,0,0
98,99,0,-1
299,299,0,0
299,298,0,1
99,97,0,2
498,4710,0,-4212
298,299,0,-1
298,289,0,9
898,899,0,-1
898,898,0,0
598,600,0,-2
798,297,0,501
198,4068,0,-3870
399,400,0,-1
299,200,0,99
498,397,0,101
599,597,0,2
698,699,0,-1
798,785,0,13
298,296,0,2
199,197,0,2
698,699,0,-1
799,509,0,290
98,97,0,1
798,797,0,1
499,499,0,0
799,800,0,-1
398,101,0,297
199,200,0,-1
798,797,0,1
799,797,0,2
599,600,0,-1
99,97,0,2
98,99,0,-1
498,499,0,-1
598,398,0,200
698,698,0,0
899,899,0,0
99,99,0,0
399,400,0,-1
698,699,0,-1
299,297,0,2
699,699,0,0
498,507,0,-9
898,899,0,-1
698,699,0,-1
398,400,0,-2
898,898,0,0
199,200,0,-1
798,797,0,1
698,699,0,-1
398,400,0,-2
398,707,0,-309
898,899,0,-1
298,297,0,1
198,197,0,1
498,499,0,-1
798,800,0,-2
99,97,0,2
598,597,0,1
798,797,0,1
898,899,0,-1
98,99,0,-1
499,497,0,2
799,697,0,102
899,899,0,0
198,197,0,1
99,97,0,2
399,501,0,-102
598,597,0,1
498,499,0,-1
799,4788,0,-3989
598,348,0,250
199,200,0,-1
98,3465,0,-3367
399,397,0,2
698,699,0,-1
99,3387,0,-3288
98,96,0,2
499,400,0,99
398,409,0,-11
299,299,0,0
799,797,0,2
598,600,0,-2
298,297,0,1
498,497,0,1
99,96,0,3
199,200,0,-1
198,197,0,1
98,99,0,-1
198,200,0,-2
798,800,0,-2
398,397,0,1
799,797,0,2
498,497,0,1
99,97,0,2
99,197,0,-98
698,707,0,-9
699,697,0,2
798,800,0,-2
98,96,0,2
799,797,0,2
898,897,0,1
799,859,0,-60
598,597,0,1
598,600,0,-2
799,800,0,-1
898,899,0,-1
498,,,
198,197,0,1
899,598,0,301
898,899,0,-1
499,,,
898,899,0,-1
698,600,0,98
499,497,0,2
599,600,0,-1
98,99,0,-1
599,600,0,-1
899,899,0,0
399,400,0,-1
698,805,0,-107
398,400,0,-2
198,200,0,-2
598,597,0,1
98,99,0,-1
499,499,0,0
498,898,0,-400
298,2898,0,-2600
99,99,0,0
699,674,0,25
499,501,0,-2
198,197,0,1
198,200,0,-2
898,897,0,1
798,797,0,1
698,707,0,-9
498,600,0,-102
899,899,0,0
498,501,0,-3
398,397,0,1
498,497,0,1
598,600,0,-2
398,400,0,-2
799,797,0,2
598,397,0,201
798,800,0,-2
799,800,0,-1
498,497,0,1
98,107,0,-9
698,496,0,202
299,307,0,-8
899,899,0,0
699,699,0,0
499,499,0,0
599,600,0,-1
298,299,0,-1
898,899,0,-1
299,296,0,3
599,598,0,1
898,698,0,200
98,99,0,-1
798,797,0,1
598,600,0,-2
499,499,0,0
898,907,0,-9
299,299,0,0
899,697,0,202
198,197,0,1
198,200,0,-2
799,797,0,2
599,597,0,2
398,402,0,-4
898,899,0,-1
799,797,0,2
498,499,0,-1
699,699,0,0
799,797,0,2
699,697,0,2
599,600,0,-1
398,400,0,-2
399,397,0,2
499,499,0,0
498,497,0,1
699,701,0,-2
598,600,0,-2
99,99,0,0
498,497,0,1
99,99,0,0
798,498,0,300
799,800,0,-1
398,397,0,1
899,899,0,0
299,297,0,2
898,897,0,1
198,200,0,-2
499,497,0,2
499,497,0,2
499,507,0,-8
298,299,0,-1
698,699,0,-1
399,400,0,-1
398,397,0,1
499,405,0,94
399,397,0,2
799,800,0,-1
99,99,0,0
798,800,0,-2
599,597,0,2
298,299,0,-1
699,597,0,102
798,96,0,702
499,497,0,2
199,197,0,2
699,699,0,0
499,499,0,0
499,497,0,2
99,99,0,0
198,197,0,1
198,200,0,-2
899,899,0,0
299,299,0,0
798,797,0,1
399,400,0,-1
499,499,0,0
399,400,0,-1
598,597,0,1
298,394,0,-96
399,397,0,2
299,299,0,0
199,200,0,-1
499,498,0,1
899,897,0,2
98,99,0,-1
599,600,0,-1
499,,,
199,197,0,2
98,97,0,1
99,698,0,-599
198,197,0,1
798,800,0,-2
799,97,0,702
799,797,0,2
98,99,0,-1
199,200,0,-1
298,299,0,-1
498,499,0,-1
798,797,0,1
198,197,0,1
199,197,0,2
99,200,0,-101
98,99,0,-1
498,499,0,-1
899,899,0,0
398,397,0,1
799,4187,0,-3388
98,99,0,-1
698,699,0,-1
98,99,0,-1
498,499,0,-1
898,897,0,1
699,699,0,0
299,299,0,0
599,597,0,2
698,699,0,-1
199,96,0,103
198,200,0,-2
498,499,0,-1
298,320,0,-22
598,597,0,1
499,2788,0,-2289
798,797,0,1
98,97,0,1
98,97,0,1
398,657,0,-259
899,920,0,-21
299,299,0,0
398,400,0,-2
298,297,0,1
198,197,0,1
598,600,0,-2
198,200,0,-2
598,597,0,1
298,299,0,-1
99,99,0,0
99,97,0,2
299,299,0,0
399,400,0,-1
498,499,0,-1
399,400,0,-1
898,397,0,501
199,197,0,2
698,501,0,197
398,499,0,-101
699,699,0,0
98,99,0,-1
498,497,0,1
398,397,0,1
99,99,0,0
99,99,0,0
799,840,0,-41
598,597,0,1
798,800,0,-2
898,899,0,-1
699,699,0,0
98,99,0,-1
898,899,0,-1
198,197,0,1
299,298,0,1
399,1788,0,-1389
399,901,0,-502
898,501,0,397
798,800,0,-2
598,599,0,-1
898,899,0,-1
798,797,0,1
299,299,0,0
699,699,0,0
498,499,0,-1
399,400,0,-1
99,99,0,0
499,499,0,0
399,397,0,2
99,99,0,0
499,497,0,2
299,299,0,0
398,397,0,1
499,499,0,0
398,497,0,-99
99,97,0,2
499,499,0,0
198,200,0,-2
99,99,0,0
499,477,0,22
798,797,0,1
99,200,0,-101
899,898,0,1
498,497,0,1
898,899,0,-1
498,497,0,1
99,99,0,0
498,496,0,2
499,520,0,-21
899,897,0,2
799,800,0,-1
898,899,0,-1
599,600,0,-1
298,298,0,0
699,697,0,2
899,907,0,-8
398,400,0,-2
699,501,0,198
398,797,0,-399
599,600,0,-1
598,600,0,-2
799,800,0,-1
298,292,0,6
799,797,0,2
798,799,0,-1
399,4468,0,-4069
298,280,0,18
899,911,0,-12
898,899,0,-1
899,877,0,22
199,197,0,2
598,600,0,-2
599,600,0,-1
798,797,0,1
398,400,0,-2
499,400,0,99
198,200,0,-2
498,1400,0,-902
699,697,0,2
498,489,0,9
499,497,0,2
99,2138,0,-2039
99,697,0,-598
99,96,0,3
99,97,0,2
199,197,0,2
298,299,0,-1
199,200,0,-1
498,499,0,-1
98,99,0,-1
898,899,0,-1
299,299,0,0
298,3065,0,-2767
199,,,
598,597,0,1
598,599,0,-1
798,698,0,100
399,400,0,-1
198,2228,0,-2030
198,197,0,1
198,200,0,-2
698,698,0,0
298,299,0,-1
599,405,0,194
598,600,0,-2
299,299,0,0
399,398,0,1
699,699,0,0
598,597,0,1
498,499,0,-1
199,200,0,-1
99,99,0,0
398,395,0,3
198,200,0,-2
898,899,0,-1
198,197,0,1
199,297,0,-98
199,197,0,2
598,597,0,1
99,96,0,3
99,99,0,0
298,299,0,-1
598,600,0,-2
398,394,0,4
199,197,0,2
799,797,0,2
698,699,0,-1
599,600,0,-1
598,2489,0,-1891
99,99,0,0
299,296,0,3
898,899,0,-1
399,400,0,-1
299,299,0,0
98,99,0,-1
499,499,0,0
498,499,0,-1
99,101,0,-2
399,400,0,-1
699,800,0,-101
599,600,0,-1
598,600,0,-2
399,400,0,-1
98,99,0,-1
498,497,0,1
298,299,0,-1
899,897,0,2
99,99,0,0
898,899,0,-1
198,101,0,97
198,200,0,-2
599,600,0,-1
199,197,0,2
298,299,0,-1
399,400,0,-1
298,299,0,-1
698,707,0,-9
899,899,0,0
399,400,0,-1
298,299,0,-1
299,2158,0,-1859
299,299,0,0
298,498,0,-200
699,707,0,-8
598,597,0,1
699,699,0,0
498,497,0,1
699,699,0,0
199,200,0,-1
598,598,0,0
899,957,0,-58
699,697,0,2
198,200,0,-2
298,297,0,1
799,797,0,2
198,197,0,1
399,398,0,1
399,400,0,-1
798,800,0,-2
399,399,0,0
798,797,0,1
899,197,0,702
698,698,0,0
298,4637,0,-4339
598,96,0,502
498,499,0,-1
99,99,0,0
598,597,0,1
898,898,0,0
899,899,0,0
99,99,0,0
598,597,0,1
399,400,0,-1
898,400,0,498
298,101,0,197
698,699,0,-1
399,400,0,-1
598,597,0,1
799,797,0,2
98,97,0,1
898,899,0,-1
598,597,0,1
699,702,0,-3
99,4630,0,-4531
598,707,0,-109
299,298,0,1
98,101,0,-3
498,101,0,397
898,897,0,1
298,299,0,-1
798,800,0,-2
799,797,0,2
798,806,0,-8
699,699,0,0
798,797,0,1
499,200,0,299
199,197,0,2
298,299,0,-1
899,899,0,0
399,400,0,-1
399,400,0,-1
898,897,0,1
899,897,0,2
398,397,0,1
198,200,0,-2
99,98,0,1
499,499,0,0
99,98,0,1
498,499,0,-1
799,800,0,-1
298,299,0,-1
898,899,0,-1
898,897,0,1
98,99,0,-1
498,497,0,1
798,800,0,-2
798,857,0,-59
99,99,0,0
599,597,0,2
599,600,0,-1
398,400,0,-2
298,297,0,1
399,400,0,-1
499,2378,0,-1879
98,99,0,-1
598,598,0,0
398,400,0,-2
798,797,0,1
499,553,0,-54
698,699,0,-1
899,899,0,0
98,99,0,-1
798,800,0,-2
98,898,0,-800
499,499,0,0
98,99,0,-1
298,299,0,-1
298,299,0,-1
798,797,0,1
598,597,0,1
898,600,0,298
799,,,
199,197,0,2
699,697,0,2
898,899,0,-1
798,797,0,1
898,897,0,1
498,499,0,-1
598,597,0,1
398,497,0,-99
698,697,0,1
198,197,0,1
799,698,0,101
698,699,0,-1
98,97,0,1
98,200,0,-102
598,597,0,1
799,799,0,0
399,467,0,-68
599,597,0,2
299,298,0,1
698,697,0,1
98,,,
99,97,0,2
598,589,0,9
598,597,0,1
898,899,0,-1
299,297,0,2
698,699,0,-1
98,99,0,-1
198,197,0,1
98,99,0,-1
898,899,0,-1
98,99,0,-1
598,697,0,-99
598,600,0,-2
699,699,0,0
599,600,0,-1
399,,,
299,299,0,0
399,397,0,2
498,497,0,1
99,99,0,0
199,200,0,-1
298,299,0,-1
899,899,0,0
899,899,0,0
99,2627,0,-2528
98,101,0,-3
298,297,0,1
799,800,0,-1
199,197,0,2
198,200,0,-2
299,5508,0,-5209
299,299,0,0
798,797,0,1
499,499,0,0
599,390,0,209
99,96,0,3
698,348,0,350
599,600,0,-1
99,99,0,0
599,597,0,2
98,98,0,0
499,299,0,200
598,597,0,1
698,699,0,-1
199,200,0,-1
599,597,0,2
599,600,0,-1
898,899,0,-1
298,299,0,-1
499,497,0,2
198,197,0,1
898,897,0,1
398,397,0,1
799,800,0,-1
899,897,0,2
198,200,0,-2
399,400,0,-1
298,297,0,1
699,3467,0,-2768
198,197,0,1
399,394,0,5
398,397,0,1
599,597,0,2
398,397,0,1
98,97,0,1
899,901,0,-2
899,557,0,342
299,299,0,0
598,600,0,-2
298,5057,0,-4759
598,600,0,-2
299,329,0,-30
298,96,0,202
498,497,0,1
699,699,0,0
799,797,0,2
199,206,0,-7
699,698,0,1
98,99,0,-1
199,198,0,1
499,497,0,2
198,200,0,-2
499,499,0,0
498,499,0,-1
598,597,0,1
699,800,0,-101
598,600,0,-2
399,398,0,1
898,899,0,-1
799,797,0,2
898,697,0,201
199,197,0,2
98,96,0,2
499,499,0,0
498,497,0,1
698,699,0,-1
798,797,0,1
799,800,0,-1
898,899,0,-1
499,497,0,2
99,99,0,0
598,600,0,-2
299,299,0,0
599,5787,0,-5188
798,797,0,1
899,899,0,0
698,699,0,-1
199,197,0,2
198,101,0,97
898,897,0,1
298,299,0,-1
899,897,0,2
98,99,0,-1
298,299,0,-1
698,699,0,-1
98,99,0,-1
99,5554,0,-5455
99,99,0,0
899,899,0,0
499,499,0,0
599,597,0,2
598,601,0,-3
199,200,0,-1
898,897,0,1
898,898,0,0
598,4508,0,-3910
198,197,0,1
399,397,0,2
598,597,0,1
898,883,0,15
598,2088,0,-1490
499,499,0,0
98,99,0,-1
599,587,0,12
799,800,0,-1
899,899,0,0
599,296,0,303
398,600,0,-202
98,99,0,-1
898,897,0,1
698,699,0,-1
698,699,0,-1
699,400,0,299
798,800,0,-2
598,597,0,1
499,499,0,0
699,398,0,301
99,99,0,0
198,194,0,4
299,299,0,0
799,800,0,-1
698,697,0,1
599,5108,0,-4509
99,99,0,0
798,677,0,121
499,499,0,0
898,899,0,-1
698,697,0,1
698,699,0,-1
99,99,0,0
98,98,0,0
99,97,0,2
398,397,0,1
599,597,0,2
799,800,0,-1
398,397,0,1
598,640,0,-42
798,203,0,595
198,197,0,1
199,197,0,2
699,699,0,0
498,499,0,-1
98,111,0,-13
899,899,0,0
598,597,0,1
98,99,0,-1
298,198,0,100
298,299,0,-1
299,297,0,2
198,200,0,-2
898,802,0,96
798,800,0,-2
98,99,0,-1
599,677,0,-78
199,200,0,-1
399,399,0,0
99,99,0,0
98,3058,0,-2960
299,274,0,25
198,200,0,-2
599,617,0,-18
299,297,0,2
198,200,0,-2
499,498,0,1
498,499,0,-1
698,699,0,-1
898,798,0,100
498,499,0,-1
499,498,0,1
798,800,0,-2
599,597,0,2
99,101,0,-2
798,797,0,1
599,600,0,-1
799,797,0,2
598,600,0,-2
299,299,0,0
799,800,0,-1
499,498,0,1
798,800,0,-2
198,195,0,3
99,97,0,2
98,99,0,-1
98,99,0,-1
99,97,0,2
799,798,0,1
499,499,0,0
599,600,0,-1
399,397,0,2
99,97,0,2
399,202,0,197
598,4628,0,-4030
398,398,0,0
299,299,0,0
598,597,0,1
599,600,0,-1
399,397,0,2
499,499,0,0
699,699,0,0
498,499,0,-1
698,697,0,1
498,499,0,-1
699,699,0,0
398,405,0,-7
599,600,0,-1
598,597,0,1
699,697,0,2
798,800,0,-2
198,200,0,-2
499,497,0,2
798,797,0,1
199,197,0,2
698,698,0,0
699,697,0,2
898,600,0,298
298,297,0,1
99,99,0,0
699,675,0,24
799,800,0,-1
699,701,0,-2
599,600,0,-1
899,897,0,2
699,697,0,2
498,497,0,1
399,397,0,2
398,400,0,-2
99,99,0,0
499,499,0,0
598,597,0,1
899,898,0,1
798,797,0,1
799,800,0,-1
298,301,0,-3
898,897,0,1
199,200,0,-1
299,598,0,-299
499,499,0,0
898,402,0,496
98,97,0,1
799,797,0,2
299,4110,0,-3811
698,699,0,-1
398,397,0,1
299,299,0,0
798,800,0,-2
98,99,0,-1
799,800,0,-1
198,299,0,-101
599,600,0,-1
498,499,0,-1
698,697,0,1
99,93,0,6
898,899,0,-1
598,550,0,48
99,99,0,0
99,99,0,0
799,797,0,2
598,597,0,1
698,697,0,1
598,600,0,-2
599,600,0,-1
899,,,
599,598,0,1
499,499,0,0
799,797,0,2
799,800,0,-1
798,802,0,-4
898,899,0,-1
498,400,0,98
499,499,0,0
699,707,0,-8
599,597,0,2
899,898,0,1
498,499,0,-1
798,831,0,-33
199,197,0,2
599,298,0,301
898,899,0,-1
699,698,0,1
698,699,0,-1
99,99,0,0
298,200,0,98
599,597,0,2
98,99,0,-1
899,898,0,1
299,299,0,0
98,99,0,-1
699,699,0,0
598,496,0,102
599,600,0,-1
599,600,0,-1
899,899,0,0
199,197,0,2
599,800,0,-201
99,99,0,0
198,200,0,-2
298,299,0,-1
98,99,0,-1
499,499,0,0
298,299,0,-1
899,899,0,0
298,5668,0,-5370
498,499,0,-1
299,297,0,2
98,99,0,-1
98,99,0,-1
98,99,0,-1
598,498,0,100
298,299,0,-1
898,897,0,1
299,299,0,0
98,99,0,-1
199,200,0,-1
298,299,0,-1
299,299,0,0
599,597,0,2
98,99,0,-1
898,899,0,-1
299,299,0,0
498,499,0,-1
98,99,0,-1
699,699,0,0
299,299,0,0
398,400,0,-2
799,795,0,4
799,797,0,2
698,680,0,18
98,97,0,1
799,800,0,-1
198,400,0,-202
499,493,0,6
398,397,0,1
198,197,0,1
899,899,0,0
398,397,0,1
299,299,0,0
199,199,0,0
899,897,0,2
799,800,0,-1
699,697,0,2
798,800,0,-2
198,197,0,1
898,899,0,-1
899,899,0,0
99,99,0,0
799,800,0,-1
599,597,0,2
798,797,0,1
899,897,0,2
898,899,0,-1
299,898,0,-599
698,897,0,-199
698,698,0,0
799,799,0,0
799,800,0,-1
199,197,0,2
198,200,0,-2
498,497,0,1
599,598,0,1
698,707,0,-9
599,597,0,2
398,397,0,1
499,498,0,1
99,99,0,0
598,597,0,1
599,597,0,2
98,698,0,-600
98,99,0,-1
198,197,0,1
898,899,0,-1
198,197,0,1
598,597,0,1
398,397,0,1
399,397,0,2
498,497,0,1
498,499,0,-1
298,297,0,1
898,898,0,0
298,299,0,-1
399,397,0,2
598,501,0,97
799,800,0,-1
299,299,0,0
699,699,0,0
199,197,0,2
598,597,0,1
198,200,0,-2
299,299,0,0
698,699,0,-1
498,499,0,-1
499,499,0,0
199,197,0,2
899,899,0,0
199,200,0,-1
198,200,0,-2
898,899,0,-1
798,797,0,1
98,96,0,2
699,797,0,-98
798,794,0,4
198,897,0,-699
599,600,0,-1
199,197,0,2
898,897,0,1
699,699,0,0
298,298,0,0
699,707,0,-8
898,899,0,-1
498,499,0,-1
399,397,0,2
699,699,0,0
398,400,0,-2
899,800,0,99
298,397,0,-99
599,600,0,-1
98,97,0,1
298,299,0,-1
798,791,0,7
498,499,0,-1
198,296,0,-98
699,699,0,0
599,601,0,-2
199,197,0,2
298,301,0,-3
899,800,0,99
299,299,0,0
299,299,0,0
699,800,0,-101
99,99,0,0
298,197,0,101
98,99,0,-1
598,597,0,1
399,400,0,-1
398,431,0,-33
898,899,0,-1
598,600,0,-2
899,899,0,0
498,4670,0,-4172
799,497,0,302
298,299,0,-1
399,351,0,48
598,600,0,-2
699,600,0,99
198,197,0,1
198,200,0,-2
599,298,0,301
798,800,0,-2
798,701,0,97
99,99,0,0
899,899,0,0
798,797,0,1
98,99,0,-1
898,897,0,1
298,299,0,-1
798,800,0,-2
698,699,0,-1
198,197,0,1
298,297,0,1
98,99,0,-1
98,99,0,-1
498,499,0,-1
698,787,0,-89
598,600,0,-2
199,5515,0,-5316
199,4790,0,-4591
599,595,0,4
98,99,0,-1
198,205,0,-7
698,699,0,-1
798,797,0,1
799,800,0,-1
699,697,0,2
699,699,0,0
898,897,0,1
698,699,0,-1
699,697,0,2
298,297,0,1
398,400,0,-2
798,797,0,1
98,97,0,1
798,800,0,-2
99,3428,0,-3329
99,97,0,2
499,499,0,0
399,4797,0,-4398
99,4017,0,-3918
899,899,0,0
299,299,0,0
599,600,0,-1
299,299,0,0
698,697,0,1
499,497,0,2
398,397,0,1
699,699,0,0
499,498,0,1
199,200,0,-1
499,497,0,2
798,299,0,499
99,99,0,0
799,800,0,-1
699,699,0,0
399,497,0,-98
698,699,0,-1
298,297,0,1
699,699,0,0
798,800,0,-2
199,197,0,2
99,97,0,2
599,600,0,-1
698,397,0,301
798,800,0,-2
699,679,0,20
799,797,0,2
499,499,0,0
598,600,0,-2
798,797,0,1
498,499,0,-1
299,299,0,0
199,200,0,-1
298,299,0,-1
699,699,0,0
99,98,0,1
599,600,0,-1
499,499,0,0
299,299,0,0
599,598,0,1
899,897,0,2
698,699,0,-1
898,897,0,1
98,200,0,-102
698,699,0,-1
698,699,0,-1
299,297,0,2
199,898,0,-699
298,299,0,-1
499,499,0,0
98,99,0,-1
99,99,0,0
98,99,0,-1
499,499,0,0
498,499,0,-1
198,197,0,1
899,925,0,-26
398,401,0,-3
898,897,0,1
498,4126,0,-3628
799,800,0,-1
99,99,0,0
498,497,0,1
799,797,0,2
598,600,0,-2
798,800,0,-2
198,200,0,-2
799,797,0,2
199,197,0,2
598,597,0,1
199,197,0,2
198,200,0,-2
199,200,0,-1
399,397,0,2
699,707,0,-8
899,897,0,2
98,97,0,1
598,597,0,1
299,400,0,-101
299,300,0,-1
398,400,0,-2
598,400,0,198
99,97,0,2
98,99,0,-1
898,917,0,-19
399,397,0,2
499,497,0,2
498,499,0,-1
299,300,0,-1
98,97,0,1
798,797,0,1
198,199,0,-1
498,499,0,-1
199,197,0,2
799,797,0,2
299,296,0,3
298,299,0,-1
299,198,0,101
98,99,0,-1
398,398,0,0
299,299,0,0
598,5467,0,-4869
499,497,0,2
99,99,0,0
99,99,0,0
298,299,0,-1
699,697,0,2
499,497,0,2
799,797,0,2
199,200,0,-1
599,598,0,1
99,99,0,0
98,99,0,-1
199,200,0,-1
99,99,0,0
798,797,0,1
498,96,0,402
198,200,0,-2
299,299,0,0
798,800,0,-2
599,597,0,2
898,899,0,-1
99,107,0,-8
99,98,0,1
98,501,0,-403
199,197,0,2
98,298,0,-200
398,400,0,-2
698,205,0,493
199,398,0,-199
898,899,0,-1
798,797,0,1
99,99,0,0
898,907,0,-9
899,897,0,2
99,497,0,-398
99,99,0,0
398,397,0,1
398,397,0,1
299,299,0,0
398,397,0,1
498,497,0,1
598,200,0,398
499,499,0,0
799,797,0,2
899,800,0,99
699,699,0,0
298,299,0,-1
498,497,0,1
198,197,0,1
199,200,0,-1
798,800,0,-2
198,198,0,0
798,787,0,11
599,597,0,2
698,691,0,7
799,797,0,2
299,297,0,2
798,797,0,1
599,600,0,-1
798,800,0,-2
499,501,0,-2
399,400,0,-1
798,101,0,697
98,99,0,-1
299,299,0,0
199,200,0,-1
298,299,0,-1
699,697,0,2
598,600,0,-2
798,797,0,1
698,679,0,19
199,200,0,-1
898,897,0,1
699,697,0,2
898,501,0,397
398,400,0,-2
898,899,0,-1
99,99,0,0
898,899,0,-1
299,295,0,4
398,399,0,-1
299,311,0,-12
99,97,0,2
98,99,0,-1
699,697,0,2
598,597,0,1
899,899,0,0
98,97,0,1
499,497,0,2
399,400,0,-1
298,297,0,1
299,296,0,3
499,499,0,0
399,394,0,5
99,99,0,0
298,299,0,-1
499,497,0,2
399,397,0,2
399,400,0,-1
599,597,0,2
598,597,0,1
499,499,0,0
899,899,0,0
699,697,0,2
199,197,0,2
898,977,0,-79
98,99,0,-1
98,99,0,-1
898,920,0,-22
699,697,0,2
798,797,0,1
698,699,0,-1
198,400,0,-202
599,600,0,-1
199,197,0,2
599,597,0,2
298,299,0,-1
298,299,0,-1
99,99,0,0
99,99,0,0
599,600,0,-1
498,499,0,-1
398,397,0,1
398,397,0,1
598,597,0,1
899,899,0,0
299,297,0,2
398,200,0,198
899,899,0,0
698,697,0,1
899,899,0,0
399,400,0,-1
798,797,0,1
199,200,0,-1
699,4547,0,-3848
298,299,0,-1
799,760,0,39
298,299,0,-1
398,397,0,1
398,398,0,0
398,400,0,-2
799,797,0,2
199,197,0,2
598,595,0,3
798,798,0,0
98,99,0,-1
598,597,0,1
399,400,0,-1
499,497,0,2
298,200,0,98
599,597,0,2
698,800,0,-102
498,477,0,21
799,797,0,2
398,400,0,-2
599,600,0,-1
399,400,0,-1
899,899,0,0
99,99,0,0
798,800,0,-2
899,899,0,0
598,597,0,1
899,697,0,202
798,799,0,-1
699,699,0,0
399,397,0,2
599,600,0,-1
198,197,0,1
799,800,0,-1
898,899,0,-1
698,702,0,-4
698,699,0,-1
398,498,0,-100
899,899,0,0
199,197,0,2
298,484,0,-186
599,600,0,-1
798,800,0,-2
298,299,0,-1
599,597,0,2
798,800,0,-2
899,899,0,0
99,97,0,2
498,501,0,-3
398,5000,0,-4602
599,598,0,1
798,800,0,-2
898,899,0,-1
399,400,0,-1
898,920,0,-22
399,400,0,-1
598,600,0,-2
399,400,0,-1
799,797,0,2
699,707,0,-8
299,299,0,0
899,908,0,-9
799,800,0,-1
399,397,0,2
198,197,0,1
799,800,0,-1
799,698,0,101
299,297,0,2
799,840,0,-41
798,797,0,1
798,2738,0,-1940
198,197,0,1
698,707,0,-9
399,400,0,-1
99,96,0,3
498,499,0,-1
598,597,0,1
98,901,0,-803
299,299,0,0
499,507,0,-8
198,197,0,1
798,797,0,1
399,400,0,-1
399,400,0,-1
599,600,0,-1
799,794,0,5
798,800,0,-2
98,398,0,-300
499,499,0,0
98,99,0,-1
498,497,0,1
698,699,0,-1
499,400,0,99
899,899,0,0
799,797,0,2
398,397,0,1
899,899,0,0
199,197,0,2
699,698,0,1
899,899,0,0
898,907,0,-9
898,897,0,1
199,197,0,2
698,497,0,201
899,899,0,0
598,597,0,1
899,898,0,1
799,800,0,-1
98,97,0,1
699,699,0,0
699,699,0,0
499,502,0,-3
299,299,0,0
299,296,0,3
398,397,0,1
298,400,0,-102
498,499,0,-1
499,499,0,0
498,498,0,0
198,200,0,-2
598,600,0,-2
598,597,0,1
399,400,0,-1
798,897,0,-99
498,497,0,1
798,797,0,1
498,499,0,-1
798,867,0,-69
298,297,0,1
799,797,0,2
798,800,0,-2
498,499,0,-1
699,699,0,0
198,200,0,-2
598,598,0,0
399,400,0,-1
398,397,0,1
398,400,0,-2
898,899,0,-1
698,751,0,-53
99,99,0,0
499,499,0,0
898,899,0,-1
198,200,0,-2
598,600,0,-2
699,699,0,0
699,699,0,0
599,597,0,2
798,797,0,1
98,99,0,-1
98,99,0,-1
898,897,0,1
399,397,0,2
698,751,0,-53
98,99,0,-1
499,499,0,0
599,600,0,-1
698,697,0,1
399,400,0,-1
198,197,0,1
799,5510,0,-4711
899,899,0,0
698,699,0,-1
299,400,0,-101
799,797,0,2
299,297,0,2
398,399,0,-1
598,603,0,-5
799,800,0,-1
98,99,0,-1
499,501,0,-2
299,299,0,0
598,597,0,1
98,99,0,-1
799,799,0,0
598,597,0,1
699,707,0,-8
898,899,0,-1
399,1617,0,-1218
599,697,0,-98
499,499,0,0
99,99,0,0
299,297,0,2
598,597,0,1
499,701,0,-202
798,800,0,-2
799,550,0,249
499,497,0,2
598,600,0,-2
799,800,0,-1
398,397,0,1
198,200,0,-2
98,104,0,-6
398,397,0,1
899,899,0,0
98,201,0,-103
699,697,0,2
598,600,0,-2
798,800,0,-2
399,398,0,1
598,597,0,1
98,96,0,2
398,397,0,1
298,299,0,-1
698,697,0,1
899,897,0,2
899,899,0,0
499,497,0,2
199,197,0,2
898,897,0,1
799,800,0,-1
298,299,0,-1
199,101,0,98
798,800,0,-2
298,299,0,-1
799,800,0,-1
298,299,0,-1
698,699,0,-1
99,99,0,0
499,498,0,1
99,97,0,2
898,431,0,467
698,4682,0,-3984
399,400,0,-1
599,898,0,-299
799,800,0,-1
198,498,0,-300
698,699,0,-1
299,299,0,0
199,200,0,-1
399,,,
699,699,0,0
198,200,0,-2
698,699,0,-1
99,81,0,18
399,400,0,-1
298,297,0,1
698,697,0,1
98,298,0,-200
299,297,0,2
598,697,0,-99
699,697,0,2
798,800,0,-2
298,298,0,0
699,699,0,0
99,99,0,0
198,99,0,99
299,299,0,0
798,797,0,1
799,798,0,1
399,397,0,2
798,797,0,1
299,299,0,0
798,800,0,-2
799,819,0,-20
199,197,0,2
398,405,0,-7
99,99,0,0
398,397,0,1
399,397,0,2
898,897,0,1
199,197,0,2
99,99,0,0
599,597,0,2
398,400,0,-2
699,699,0,0
98,97,0,1
599,597,0,2
898,899,0,-1
299,299,0,0
399,400,0,-1
298,298,0,0
98,99,0,-1
298,299,0,-1
798,797,0,1
699,296,0,403
99,99,0,0
298,297,0,1
499,499,0,0
899,920,0,-21
599,600,0,-1
798,800,0,-2
798,797,0,1
299,299,0,0
498,499,0,-1
799,,,
498,499,0,-1
599,597,0,2
199,200,0,-1
898,897,0,1
599,597,0,2
899,899,0,0
798,800,0,-2
599,600,0,-1
798,797,0,1
899,897,0,2
799,800,0,-1
198,200,0,-2
899,899,0,0
99,200,0,-101
198,200,0,-2
798,797,0,1
798,797,0,1
698,699,0,-1
299,299,0,0
298,299,0,-1
298,497,0,-199
898,907,0,-9
498,499,0,-1
98,99,0,-1
499,499,0,0
698,101,0,597
499,499,0,0
699,699,0,0
498,97,0,401
398,400,0,-2
698,699,0,-1
298,299,0,-1
299,301,0,-2
698,699,0,-1
898,877,0,21
899,897,0,2
299,297,0,2
498,499,0,-1
699,699,0,0
199,301,0,-102
499,499,0,0
299,299,0,0
299,299,0,0
398,400,0,-2
598,597,0,1
198,200,0,-2
599,898,0,-299
498,499,0,-1
198,198,0,0
199,197,0,2
698,697,0,1
399,400,0,-1
898,907,0,-9
599,600,0,-1
599,600,0,-1
499,498,0,1
199,120,0,79
398,400,0,-2
99,99,0,0
598,600,0,-2
498,440,0,58
198,197,0,1
199,200,0,-1
799,800,0,-1
299,297,0,2
299,,,
398,397,0,1
99,589,0,-490
298,297,0,1
398,400,0,-2
898,897,0,1
299,299,0,0
699,699,0,0
899,899,0,0
199,197,0,2
699,699,0,0
598,599,0,-1
899,899,0,0
198,197,0,1
599,600,0,-1
799,800,0,-1
98,99,0,-1
699,698,0,1
298,297,0,1
198,197,0,1
799,800,0,-1
298,299,0,-1
99,99,0,0
298,297,0,1
898,897,0,1
699,699,0,0
599,600,0,-1
298,297,0,1
299,299,0,0
699,697,0,2
198,197,0,1
899,899,0,0
798,800,0,-2
99,99,0,0
698,699,0,-1
598,643,0,-45
799,840,0,-41
99,99,0,0
398,501,0,-103
398,400,0,-2
899,899,0,0
398,397,0,1
399,400,0,-1
699,699,0,0
398,397,0,1
198,197,0,1
98,99,0,-1
98,99,0,-1
699,497,0,202
698,697,0,1
598,698,0,-100
598,597,0,1
799,797,0,2
299,299,0,0
499,499,0,0
98,296,0,-198
198,297,0,-99
498,497,0,1
199,200,0,-1
98,97,0,1
498,499,0,-1
599,598,0,1
99,99,0,0
698,677,0,21
499,499,0,0
98,99,0,-1
899,897,0,2
298,,,
699,699,0,0
698,697,0,1
698,697,0,1
499,497,0,2
898,897,0,1
98,99,0,-1
399,496,0,-97
899,899,0,0
299,299,0,0
199,197,0,2
299,296,0,3
499,499,0,0
299,277,0,22
299,296,0,3
499,499,0,0
799,800,0,-1
698,699,0,-1
798,800,0,-2
98,99,0,-1
99,96,0,3
498,497,0,1
298,299,0,-1
199,197,0,2
498,497,0,1
398,400,0,-2
499,499,0,0
98,99,0,-1
198,197,0,1
399,400,0,-1
399,397,0,2
699,699,0,0
798,797,0,1
398,874,0,-476
298,299,0,-1
299,,,
98,2520,0,-2422
899,897,0,2
599,600,0,-1
398,397,0,1
498,499,0,-1
298,2840,0,-2542
298,299,0,-1
399,397,0,2
399,400,0,-1
899,897,0,2
598,600,0,-2
299,299,0,0
498,497,0,1
98,97,0,1
99,139,0,-40
199,197,0,2
399,397,0,2
198,200,0,-2
398,397,0,1
399,400,0,-1
599,597,0,2
398,397,0,1
598,600,0,-2
98,99,0,-1
699,699,0,0
899,899,0,0
798,898,0,-100
598,597,0,1
499,499,0,0
98,99,0,-1
198,200,0,-2
699,699,0,0
398,400,0,-2
499,501,0,-2
298,297,0,1
899,899,0,0
298,297,0,1
798,800,0,-2
399,397,0,2
298,297,0,1
698,698,0,0
198,200,0,-2
99,97,0,2
498,560,0,-62
99,99,0,0
798,797,0,1
598,600,0,-2
198,197,0,1
199,200,0,-1
499,547,0,-48
698,699,0,-1
598,200,0,398
499,497,0,2
698,699,0,-1
398,400,0,-2
599,600,0,-1
199,205,0,-6
198,200,0,-2
199,200,0,-1
399,5512,0,-5113
299,298,0,1
99,99,0,0
699,798,0,-99
698,699,0,-1
798,800,0,-2
298,299,0,-1
698,296,0,402
898,101,0,797
198,200,0,-2
798,799,0,-1
299,297,0,2
899,899,0,0
898,897,0,1
198,200,0,-2
399,395,0,4
699,699,0,0
499,499,0,0
699,699,0,0
99,101,0,-2
98,99,0,-1
99,99,0,0
898,899,0,-1
598,600,0,-2
598,600,0,-2
598,597,0,1
99,99,0,0
598,597,0,1
398,96,0,302
298,299,0,-1
398,297,0,101
99,97,0,2
298,299,0,-1
699,698,0,1
399,397,0,2
199,200,0,-1
699,699,0,0
99,99,0,0
398,400,0,-2
298,299,0,-1
498,499,0,-1
298,,,
499,,,
599,600,0,-1
398,400,0,-2
499,499,0,0
499,499,0,0
599,600,0,-1
298,299,0,-1
99,99,0,0
198,200,0,-2
198,200,0,-2
398,397,0,1
198,197,0,1
599,600,0,-1
299,299,0,0
798,797,0,1
899,897,0,2
199,200,0,-1
499,499,0,0
98,99,0,-1
699,697,0,2
399,405,0,-6
98,198,0,-100
98,296,0,-198
498,499,0,-1
499,499,0,0
899,4830,0,-3931
199,197,0,2
398,400,0,-2
699,697,0,2
899,899,0,0
599,,,
799,800,0,-1
498,499,0,-1
99,99,0,0
598,595,0,3
698,699,0,-1
798,797,0,1
699,301,0,398
599,597,0,2
98,97,0,1
499,499,0,0
299,299,0,0
298,97,0,201
299,299,0,0
399,400,0,-1
799,800,0,-1
799,800,0,-1
398,398,0,0
199,200,0,-1
499,499,0,0
498,501,0,-3
99,99,0,0
198,197,0,1
798,800,0,-2
499,499,0,0
199,197,0,2
299,299,0,0
799,800,0,-1
299,501,0,-202
699,699,0,0
199,199,0,0
99,98,0,1
798,797,0,1
599,5317,0,-4718
299,299,0,0
699,698,0,1
98,197,0,-99
499,499,0,0
98,99,0,-1
198,197,0,1
599,698,0,-99
798,797,0,1
198,198,0,0
698,699,0,-1
899,899,0,0
299,307,0,-8
699,707,0,-8
598,600,0,-2
698,699,0,-1
199,197,0,2
199,200,0,-1
799,4520,0,-3721
398,397,0,1
399,501,0,-102
899,899,0,0
598,600,0,-2
499,497,0,2
398,397,0,1
98,96,0,2
298,299,0,-1
98,99,0,-1
898,899,0,-1
899,899,0,0
198,242,0,-44
698,699,0,-1
399,471,0,-72
399,397,0,2
298,501,0,-203
299,299,0,0
499,301,0,198
699,699,0,0
298,299,0,-1
499,499,0,0
98,99,0,-1
199,197,0,2
799,797,0,2
298,299,0,-1
698,699,0,-1
498,698,0,-200
599,597,0,2
899,96,0,803
698,699,0,-1
599,642,0,-43
898,899,0,-1
699,697,0,2
398,400,0,-2
98,99,0,-1
799,797,0,2
599,600,0,-1
399,400,0,-1
799,800,0,-1
599,597,0,2
799,797,0,2
598,598,0,0
299,299,0,0
799,797,0,2
499,600,0,-101
599,597,0,2
299,200,0,99
498,560,0,-62
499,499,0,0
199,200,0,-1
198,201,0,-3
398,400,0,-2
399,397,0,2
299,299,0,0
899,897,0,2
498,520,0,-22
599,597,0,2
698,697,0,1
299,299,0,0
898,899,0,-1
599,760,0,-161
499,498,0,1
798,798,0,0
599,406,0,193
398,400,0,-2
299,298,0,1
699,697,0,2
599,597,0,2
899,899,0,0
798,800,0,-2
299,311,0,-12
598,600,0,-2
698,699,0,-1
799,800,0,-1
99,99,0,0
698,699,0,-1
699,699,0,0
898,899,0,-1
598,597,0,1
399,397,0,2
298,299,0,-1
498,499,0,-1
98,99,0,-1
198,296,0,-98
398,468,0,-70
899,899,0,0
899,897,0,2
799,797,0,2
698,400,0,298
498,507,0,-9
798,797,0,1
799,800,0,-1
399,394,0,5
99,97,0,2
199,200,0,-1
299,297,0,2
298,297,0,1
798,800,0,-2
498,499,0,-1
798,797,0,1
798,797,0,1
698,697,0,1
498,499,0,-1
399,400,0,-1
199,197,0,2
198,200,0,-2
599,597,0,2
399,,,
299,297,0,2
498,497,0,1
598,501,0,97
299,299,0,0
398,400,0,-2
698,699,0,-1
599,600,0,-1
799,797,0,2
598,597,0,1
599,600,0,-1
399,397,0,2
598,597,0,1
299,301,0,-2
399,397,0,2
899,899,0,0
399,400,0,-1
799,800,0,-1
198,197,0,1
399,400,0,-1
299,301,0,-2
99,99,0,0
698,697,0,1
499,497,0,2
499,293,0,206
898,899,0,-1
499,499,0,0
199,197,0,2
599,600,0,-1
899,899,0,0
99,97,0,2
99,79,0,20
698,697,0,1
699,697,0,2
799,797,0,2
198,200,0,-2
798,800,0,-2
198,200,0,-2
298,299,0,-1
699,697,0,2
899,497,0,402
298,297,0,1
898,898,0,0
299,299,0,0
499,499,0,0
398,398,0,0
599,600,0,-1
299,297,0,2
199,197,0,2
599,597,0,2
799,797,0,2
698,697,0,1
299,299,0,0
799,800,0,-1
98,99,0,-1
98,99,0,-1
99,96,0,3
798,797,0,1
499,499,0,0
198,198,0,0
898,4680,0,-3782
598,597,0,1
199,800,0,-601
698,699,0,-1
98,99,0,-1
498,499,0,-1
898,897,0,1
198,200,0,-2
299,299,0,0
898,899,0,-1
98,99,0,-1
299,299,0,0
398,397,0,1
298,299,0,-1
399,431,0,-32
798,797,0,1
699,800,0,-101
399,400,0,-1
298,299,0,-1
698,699,0,-1
899,897,0,2
198,197,0,1
898,897,0,1
899,897,0,2
598,600,0,-2
398,397,0,1
198,197,0,1
698,737,0,-39
398,400,0,-2
198,200,0,-2
699,699,0,0
599,600,0,-1
798,800,0,-2
898,899,0,-1
498,497,0,1
799,797,0,2
798,795,0,3
898,897,0,1
99,99,0,0
699,699,0,0
798,800,0,-2
399,397,0,2
99,99,0,0
98,99,0,-1
299,299,0,0
499,499,0,0
399,200,0,199
99,205,0,-106
98,99,0,-1
198,197,0,1
699,699,0,0
899,899,0,0
599,600,0,-1
398,397,0,1
898,920,0,-22
599,597,0,2
398,397,0,1
498,3590,0,-3092
798,907,0,-109
498,499,0,-1
199,197,0,2
899,899,0,0
198,197,0,1
698,96,0,602
599,501,0,98
299,299,0,0
698,699,0,-1
899,899,0,0
299,297,0,2
498,499,0,-1
198,197,0,1
398,800,0,-402
699,697,0,2
198,200,0,-2
498,499,0,-1
398,397,0,1
499,499,0,0
98,198,0,-100
399,3324,0,-2925
699,697,0,2
799,831,0,-32
798,800,0,-2
899,899,0,0
599,597,0,2
198,197,0,1
798,797,0,1
198,200,0,-2
798,800,0,-2
299,299,0,0
499,499,0,0
198,5160,0,-4962
398,400,0,-2
299,259,0,40
799,800,0,-1
199,200,0,-1
898,899,0,-1
599,600,0,-1
199,197,0,2
199,197,0,2
299,289,0,10
98,602,0,-504
899,897,0,2
99,,,
499,499,0,0
199,,,
499,499,0,0
499,297,0,202
398,397,0,1
498,499,0,-1
299,297,0,2
298,299,0,-1
799,699,0,100
198,197,0,1
298,299,0,-1
99,99,0,0
299,299,0,0
299,297,0,2
599,600,0,-1
199,197,0,2
698,699,0,-1
799,798,0,1
99,97,0,2
699,699,0,0
799,817,0,-18
698,699,0,-1
699,699,0,0
399,397,0,2
98,95,0,3
298,299,0,-1
798,800,0,-2
798,805,0,-7
98,99,0,-1
199,200,0,-1
298,497,0,-199
799,800,0,-1
899,2917,0,-2018
99,101,0,-2
799,800,0,-1
198,197,0,1
298,299,0,-1
598,594,0,4
98,99,0,-1
199,197,0,2
599,597,0,2
698,699,0,-1
199,200,0,-1
398,397,0,1
698,697,0,1
598,597,0,1
399,397,0,2
299,297,0,2
398,400,0,-2
98,96,0,2
498,498,0,0
98,99,0,-1
698,699,0,-1
798,797,0,1
699,697,0,2
299,299,0,0
299,297,0,2
699,697,0,2
399,400,0,-1
799,794,0,5
98,97,0,1
799,598,0,201
699,699,0,0
198,200,0,-2
198,197,0,1
898,899,0,-1
898,899,0,-1
599,600,0,-1
299,301,0,-2
199,197,0,2
599,800,0,-201
198,200,0,-2
599,597,0,2
399,400,0,-1
398,403,0,-5
398,699,0,-301
398,497,0,-99
899,897,0,2
98,97,0,1
898,897,0,1
698,697,0,1
698,699,0,-1
599,200,0,399
198,197,0,1
699,600,0,99
299,298,0,1
798,797,0,1
198,200,0,-2
798,597,0,201
799,797,0,2
399,400,0,-1
798,800,0,-2
399,400,0,-1
798,800,0,-2
199,200,0,-1
398,400,0,-2
798,797,0,1
698,699,0,-1
899,897,0,2
499,499,0,0
899,898,0,1
898,899,0,-1
898,899,0,-1
198,200,0,-2
599,600,0,-1
99,99,0,0
399,397,0,2
598,600,0,-2
199,197,0,2
898,897,0,1
599,600,0,-1
899,899,0,0
398,501,0,-103
799,797,0,2
799,800,0,-1
598,600,0,-2
399,307,0,92
899,899,0,0
699,699,0,0
399,597,0,-198
198,200,0,-2
499,499,0,0
699,897,0,-198
598,600,0,-2
699,697,0,2
699,699,0,0
899,899,0,0
499,499,0,0
699,699,0,0
898,897,0,1
298,297,0,1
699,699,0,0
499,497,0,2
299,299,0,0
698,800,0,-102
499,499,0,0
198,194,0,4
198,197,0,1
199,200,0,-1
798,837,0,-39
198,198,0,0
699,699,0,0
498,499,0,-1
398,397,0,1
598,1960,0,-1362
499,499,0,0
799,840,0,-41
798,797,0,1
798,797,0,1
99,99,0,0
98,99,0,-1
799,697,0,102
498,499,0,-1
399,400,0,-1
599,600,0,-1
599,497,0,102
499,497,0,2
599,301,0,298
99,99,0,0
499,499,0,0
299,299,0,0
799,5070,0,-4271
899,897,0,2
299,898,0,-599
599,600,0,-1
599,679,0,-80
199,200,0,-1
899,899,0,0
598,555,0,43
399,400,0,-1
98,99,0,-1
698,699,0,-1
599,597,0,2
299,299,0,0
399,400,0,-1
699,697,0,2
798,800,0,-2
598,597,0,1
98,698,0,-600
498,497,0,1
198,197,0,1
199,197,0,2
199,199,0,0
199,197,0,2
298,299,0,-1
698,707,0,-9
799,797,0,2
398,400,0,-2
699,699,0,0
298,299,0,-1
898,899,0,-1
898,907,0,-9
99,99,0,0
399,397,0,2
399,397,0,2
398,397,0,1
799,800,0,-1
298,400,0,-102
298,301,0,-3
898,797,0,101
599,600,0,-1
498,499,0,-1
99,99,0,0
99,400,0,-301
98,97,0,1
598,497,0,101
798,800,0,-2
698,699,0,-1
798,797,0,1
698,699,0,-1
798,800,0,-2
798,797,0,1
499,5877,0,-5378
498,499,0,-1
499,499,0,0
98,205,0,-107
898,897,0,1
699,699,0,0
399,400,0,-1
698,699,0,-1
499,499,0,0
498,499,0,-1
499,477,0,22
499,499,0,0
499,499,0,0
99,99,0,0
299,299,0,0
199,197,0,2
598,600,0,-2
199,200,0,-1
699,697,0,2
499,499,0,0
599,600,0,-1
898,899,0,-1
599,597,0,2
398,397,0,1
698,699,0,-1
798,296,0,502
99,99,0,0
199,4398,0,-4199
798,797,0,1
498,701,0,-203
298,299,0,-1
798,797,0,1
99,304,0,-205
399,397,0,2
99,99,0,0
698,698,0,0
598,597,0,1
199,200,0,-1
198,200,0,-2
498,499,0,-1
399,397,0,2
499,499,0,0
799,806,0,-7
799,97,0,702
298,299,0,-1
299,299,0,0
699,720,0,-21
299,299,0,0
898,897,0,1
298,296,0,2
98,99,0,-1
499,499,0,0
299,297,0,2
598,597,0,1
199,197,0,2
99,97,0,2
98,97,0,1
199,200,0,-1
498,499,0,-1
199,197,0,2
398,397,0,1
198,605,0,-407
499,499,0,0
898,899,0,-1
298,299,0,-1
499,471,0,28
599,597,0,2
98,,,
498,497,0,1
798,800,0,-2
99,97,0,2
98,97,0,1
798,800,0,-2
299,298,0,1
899,897,0,2
198,200,0,-2
699,699,0,0
398,400,0,-2
598,597,0,1
699,697,0,2
298,299,0,-1
498,499,0,-1
399,400,0,-1
698,699,0,-1
99,99,0,0
498,,,
899,899,0,0
498,499,0,-1
598,1040,0,-442
199,200,0,-1
199,197,0,2
498,499,0,-1
899,899,0,0
399,397,0,2
299,295,0,4
699,697,0,2
699,697,0,2
498,5237,0,-4739
198,200,0,-2
298,299,0,-1
898,897,0,1
299,299,0,0
398,46,0,352
698,699,0,-1
199,200,0,-1
598,600,0,-2
199,197,0,2
499,499,0,0
398,397,0,1
699,101,0,598
799,800,0,-1
699,897,0,-198
599,600,0,-1
598,600,0,-2
99,99,0,0
199,197,0,2
198,4907,0,-4709
898,899,0,-1
198,206,0,-8
798,797,0,1
798,800,0,-2
598,,,
99,99,0,0
599,600,0,-1
399,400,0,-1
799,800,0,-1
99,99,0,0
299,697,0,-398
798,797,0,1
498,501,0,-3
299,299,0,0
698,697,0,1
498,499,0,-1
298,299,0,-1
198,200,0,-2
798,798,0,0
399,298,0,101
798,800,0,-2
399,397,0,2
399,397,0,2
899,899,0,0
799,799,0,0
398,400,0,-2
798,797,0,1
699,697,0,2
99,99,0,0
898,600,0,298
398,501,0,-103
298,299,0,-1
298,299,0,-1
799,797,0,2
398,5560,0,-5162
499,499,0,0
498,499,0,-1
799,797,0,2
199,197,0,2
698,697,0,1
398,400,0,-2
398,400,0,-2
499,499,0,0
899,800,0,99
98,99,0,-1
899,899,0,0
398,400,0,-2
298,299,0,-1
598,597,0,1
98,194,0,-96
499,501,0,-2
798,2138,0,-1340
798,800,0,-2
599,597,0,2
798,501,0,297
398,698,0,-300
299,299,0,0
498,499,0,-1
699,751,0,-52
199,197,0,2
198,200,0,-2
698,697,0,1
298,297,0,1
398,400,0,-2
98,99,0,-1
498,499,0,-1
98,99,0,-1
899,899,0,0
799,800,0,-1
898,899,0,-1
398,398,0,0
98,97,0,1
99,101,0,-2
899,897,0,2
798,800,0,-2
499,551,0,-52
698,697,0,1
199,200,0,-1
599,597,0,2
399,697,0,-298
799,797,0,2
299,299,0,0
98,98,0,0
499,400,0,99
299,400,0,-101
898,897,0,1
298,297,0,1
299,299,0,0
199,200,0,-1
499,499,0,0
598,597,0,1
598,606,0,-8
599,4259,0,-3660
898,911,0,-13
698,699,0,-1
399,301,0,98
598,597,0,1
499,499,0,0
698,497,0,201
598,597,0,1
699,696,0,3
899,697,0,202
299,297,0,2
698,699,0,-1
799,797,0,2
899,897,0,2
498,4560,0,-4062
599,390,0,209
198,197,0,1
399,400,0,-1
898,502,0,396
199,200,0,-1
298,298,0,0
798,797,0,1
899,899,0,0
98,99,0,-1
299,2137,0,-1838
899,897,0,2
499,499,0,0
399,400,0,-1
899,897,0,2
699,699,0,0
699,697,0,2
398,896,0,-498
699,699,0,0
599,597,0,2
898,907,0,-9
199,197,0,2
598,600,0,-2
798,400,0,398
599,600,0,-1
899,899,0,0
798,800,0,-2
599,600,0,-1
399,397,0,2
798,797,0,1
198,197,0,1
198,198,0,0
899,897,0,2
199,200,0,-1
898,877,0,21
599,597,0,2
399,398,0,1
699,699,0,0
199,197,0,2
798,800,0,-2
899,897,0,2
498,499,0,-1
298,97,0,201
98,197,0,-99
199,200,0,-1
898,899,0,-1
799,797,0,2
799,901,0,-102
699,699,0,0
398,400,0,-2
98,99,0,-1
99,99,0,0
99,99,0,0
798,797,0,1
198,101,0,97
98,79,0,19
99,82,0,17
199,96,0,103
499,,,
199,200,0,-1
698,699,0,-1
898,400,0,498
599,640,0,-41
398,397,0,1
599,600,0,-1
699,699,0,0
299,299,0,0
499,507,0,-8
98,99,0,-1
399,496,0,-97
798,800,0,-2
899,899,0,0
899,899,0,0
398,397,0,1
299,200,0,99
598,600,0,-2
199,200,0,-1
399,397,0,2
699,697,0,2
598,597,0,1
99,99,0,0
399,400,0,-1
99,99,0,0
699,699,0,0
699,3674,0,-2975
598,600,0,-2
198,200,0,-2
898,898,0,0
898,899,0,-1
299,301,0,-2
299,320,0,-21
598,597,0,1
98,99,0,-1
899,899,0,0
598,3680,0,-3082
599,595,0,4
298,,,
99,96,0,3
799,800,0,-1
599,597,0,2
599,597,0,2
598,598,0,0
99,4629,0,-4530
98,99,0,-1
799,800,0,-1
798,797,0,1
99,296,0,-197
99,96,0,3
198,197,0,1
498,499,0,-1
698,699,0,-1
399,440,0,-41
898,899,0,-1
499,499,0,0
798,797,0,1
898,899,0,-1
499,499,0,0
899,878,0,21
299,299,0,0
399,397,0,2
898,899,0,-1
399,397,0,2
699,699,0,0
299,320,0,-21
499,520,0,-21
199,197,0,2
899,920,0,-21
599,697,0,-98
599,96,0,503
498,499,0,-1
799,797,0,2
699,699,0,0
599,597,0,2
198,,,
598,597,0,1
98,99,0,-1
898,899,0,-1
398,298,0,100
799,797,0,2
799,800,0,-1
399,399,0,0
199,200,0,-1
499,499,0,0
899,899,0,0
398,400,0,-2
899,897,0,2
398,397,0,1
98,101,0,-3
799,901,0,-102
898,899,0,-1
498,498,0,0
298,320,0,-22
199,200,0,-1
198,197,0,1
899,899,0,0
298,299,0,-1
298,96,0,202
299,496,0,-197
399,397,0,2
699,707,0,-8
899,899,0,0
398,397,0,1
699,707,0,-8
98,101,0,-3
298,296,0,2
899,897,0,2
299,299,0,0
99,96,0,3
99,,,
599,205,0,394
699,699,0,0
398,400,0,-2
698,699,0,-1
799,806,0,-7
398,398,0,0
199,198,0,1
899,897,0,2
399,397,0,2
299,299,0,0
798,797,0,1
199,405,0,-206
398,400,0,-2
898,,,
98,99,0,-1
98,99,0,-1
198,197,0,1
599,591,0,8
299,297,0,2
899,899,0,0
799,797,0,2
298,298,0,0
499,497,0,2
398,400,0,-2
199,200,0,-1
398,397,0,1
498,499,0,-1
698,698,0,0
499,498,0,1
699,405,0,294
899,1097,0,-198
799,797,0,2
398,698,0,-300
899,899,0,0
799,797,0,2
99,600,0,-501
298,501,0,-203
199,259,0,-60
699,699,0,0
798,798,0,0
798,800,0,-2
498,497,0,1
898,899,0,-1
299,299,0,0
399,400,0,-1
298,299,0,-1
898,899,0,-1
198,200,0,-2
598,600,0,-2
598,597,0,1
199,200,0,-1
298,299,0,-1
499,499,0,0
698,496,0,202
599,600,0,-1
399,4677,0,-4278
399,397,0,2
98,99,0,-1
499,499,0,0
899,897,0,2
398,397,0,1
499,499,0,0
599,597,0,2
98,97,0,1
598,600,0,-2
298,299,0,-1
99,99,0,0
699,760,0,-61
199,197,0,2
798,800,0,-2
599,597,0,2
298,299,0,-1
399,397,0,2
299,200,0,99
798,797,0,1
799,800,0,-1
899,899,0,0
699,699,0,0
698,707,0,-9
698,699,0,-1
498,497,0,1
899,896,0,3
798,797,0,1
798,800,0,-2
199,197,0,2
399,397,0,2
599,597,0,2
399,400,0,-1
898,899,0,-1
499,499,0,0
299,297,0,2
699,692,0,7
899,899,0,0
298,296,0,2
198,197,0,1
698,397,0,301
98,99,0,-1
798,751,0,47
799,797,0,2
898,897,0,1
198,197,0,1
198,200,0,-2
899,897,0,2
99,99,0,0
698,699,0,-1
399,397,0,2
699,699,0,0
498,499,0,-1
598,600,0,-2
798,797,0,1
898,907,0,-9
299,297,0,2
898,899,0,-1
198,297,0,-99
798,797,0,1
698,698,0,0
199,197,0,2
298,300,0,-2
599,597,0,2
298,299,0,-1
199,197,0,2
699,699,0,0
698,699,0,-1
699,697,0,2
98,99,0,-1
899,899,0,0
698,190,0,508
98,99,0,-1
399,600,0,-201
798,800,0,-2
698,699,0,-1
499,499,0,0
699,697,0,2
798,849,0,-51
698,699,0,-1
798,797,0,1
898,899,0,-1
498,497,0,1
699,699,0,0
299,496,0,-197
898,897,0,1
899,899,0,0
298,299,0,-1
698,707,0,-9
298,400,0,-102
699,699,0,0
899,96,0,803
399,397,0,2
898,899,0,-1
399,397,0,2
499,499,0,0
399,400,0,-1
699,699,0,0
698,699,0,-1
99,99,0,0
599,597,0,2
299,297,0,2
399,397,0,2
399,397,0,2
598,597,0,1
299,299,0,0
599,600,0,-1
498,499,0,-1
299,299,0,0
798,797,0,1
298,400,0,-102
98,99,0,-1
598,600,0,-2
798,198,0,600
498,499,0,-1
499,499,0,0
399,395,0,4
499,497,0,2
499,499,0,0
599,597,0,2
898,899,0,-1
198,197,0,1
599,600,0,-1
898,899,0,-1
598,597,0,1
699,698,0,1
198,200,0,-2
499,499,0,0
399,395,0,4
199,2738,0,-2539
698,699,0,-1
699,797,0,-98
199,200,0,-1
199,200,0,-1
499,499,0,0
199,101,0,98
698,697,0,1
698,698,0,0
199,398,0,-199
698,698,0,0
298,297,0,1
599,597,0,2
699,699,0,0
898,899,0,-1
298,297,0,1
498,497,0,1
198,197,0,1
199,200,0,-1
198,200,0,-2
598,597,0,1
499,499,0,0
498,497,0,1
799,797,0,2
699,699,0,0
798,800,0,-2
799,800,0,-1
898,899,0,-1
498,499,0,-1
598,600,0,-2
898,897,0,1
98,99,0,-1
298,299,0,-1
699,697,0,2
198,200,0,-2
899,897,0,2
898,897,0,1
599,600,0,-1
498,499,0,-1
598,600,0,-2
898,702,0,196
198,197,0,1
199,200,0,-1
499,501,0,-2
99,97,0,2
198,200,0,-2
498,397,0,101
798,798,0,0
299,297,0,2
98,97,0,1
598,597,0,1
98,97,0,1
199,197,0,2
799,,,
98,99,0,-1
498,551,0,-53
698,699,0,-1
99,97,0,2
399,400,0,-1
199,898,0,-699
798,794,0,4
599,600,0,-1
898,898,0,0
598,600,0,-2
298,299,0,-1
198,200,0,-2
99,99,0,0
299,299,0,0
399,397,0,2
698,699,0,-1
699,699,0,0
299,299,0,0
299,299,0,0
398,398,0,0
298,297,0,1
398,400,0,-2
599,595,0,4
799,797,0,2
699,2032,0,-1333
798,800,0,-2
699,897,0,-198
699,697,0,2
798,697,0,101
198,200,0,-2
799,798,0,1
898,897,0,1
198,197,0,1
699,697,0,2
599,597,0,2
898,899,0,-1
499,499,0,0
899,899,0,0
198,200,0,-2
199,97,0,102
899,899,0,0
98,99,0,-1
299,299,0,0
98,99,0,-1
698,699,0,-1
299,297,0,2
598,600,0,-2
798,797,0,1
598,896,0,-298
798,797,0,1
899,899,0,0
98,99,0,-1
399,398,0,1
899,899,0,0
199,200,0,-1
399,400,0,-1
99,99,0,0
298,299,0,-1
699,597,0,102
498,499,0,-1
599,600,0,-1
598,597,0,1
898,4800,0,-3902
198,200,0,-2
499,499,0,0
798,800,0,-2
399,400,0,-1
698,302,0,396
98,97,0,1
398,4510,0,-4112
698,4726,0,-4028
99,99,0,0
198,197,0,1
898,899,0,-1
298,299,0,-1
499,499,0,0
299,501,0,-202
698,798,0,-100
399,400,0,-1
899,907,0,-8
299,297,0,2
598,597,0,1
799,797,0,2
798,797,0,1
798,800,0,-2
498,428,0,70
799,797,0,2
599,600,0,-1
899,899,0,0
499,497,0,2
199,200,0,-1
899,899,0,0
498,499,0,-1
398,397,0,1
398,397,0,1
99,101,0,-2
698,600,0,98
398,394,0,4
198,197,0,1
698,699,0,-1
499,499,0,0
99,99,0,0
598,600,0,-2
898,899,0,-1
499,,,
798,800,0,-2
198,200,0,-2
598,600,0,-2
298,299,0,-1
698,697,0,1
699,697,0,2
699,,,
299,299,0,0
199,200,0,-1
498,497,0,1
699,699,0,0
498,497,0,1
299,299,0,0
699,697,0,2
298,297,0,1
598,600,0,-2
798,790,0,8
899,899,0,0
299,298,0,1
198,200,0,-2
398,400,0,-2
898,1240,0,-342
599,600,0,-1
399,397,0,2
398,397,0,1
798,870,0,-72
199,200,0,-1
598,3299,0,-2701
198,197,0,1
598,600,0,-2
398,400,0,-2
98,99,0,-1
698,699,0,-1
198,197,0,1
898,897,0,1
299,299,0,0
898,3397,0,-2499
898,907,0,-9
599,797,0,-198
399,898,0,-499
99,120,0,-21
899,899,0,0
799,800,0,-1
198,197,0,1
698,697,0,1
798,797,0,1
198,200,0,-2
498,499,0,-1
298,295,0,3
399,398,0,1
399,400,0,-1
498,499,0,-1
498,497,0,1
699,697,0,2
698,697,0,1
299,299,0,0
299,299,0,0
798,800,0,-2
299,96,0,203
699,697,0,2
699,699,0,0
398,397,0,1
699,698,0,1
798,797,0,1
199,197,0,2
799,800,0,-1
898,899,0,-1
98,2315,0,-2217
399,398,0,1
399,,,
498,499,0,-1
99,3119,0,-3020
399,397,0,2
499,499,0,0
199,200,0,-1
98,99,0,-1
298,299,0,-1
298,,,
99,200,0,-101
499,497,0,2
299,299,0,0
699,697,0,2
199,200,0,-1
198,197,0,1
199,200,0,-1
899,899,0,0
799,800,0,-1
899,899,0,0
298,299,0,-1
499,499,0,0
98,,,
698,699,0,-1
498,499,0,-1
298,297,0,1
598,600,0,-2
199,200,0,-1
598,600,0,-2
398,397,0,1
98,99,0,-1
398,400,0,-2
598,600,0,-2
398,400,0,-2
99,98,0,1
198,197,0,1
198,197,0,1
699,697,0,2
699,501,0,198
198,200,0,-2
598,400,0,198
899,907,0,-8
299,299,0,0
599,597,0,2
198,197,0,1
98,99,0,-1
598,597,0,1
199,200,0,-1
799,797,0,2
899,899,0,0
799,800,0,-1
299,298,0,1
699,699,0,0
898,897,0,1
498,499,0,-1
399,397,0,2
199,496,0,-297
99,898,0,-799
598,597,0,1
898,897,0,1
798,797,0,1
798,797,0,1
799,800,0,-1
499,499,0,0
898,897,0,1
798,797,0,1
799,797,0,2
399,397,0,2
398,397,0,1
898,897,0,1
599,497,0,102
199,200,0,-1
498,499,0,-1
299,299,0,0
299,299,0,0
498,499,0,-1
598,597,0,1
299,297,0,2
299,300,0,-1
899,899,0,0
398,400,0,-2
498,497,0,1
298,301,0,-3
898,,,
399,200,0,199
699,699,0,0
799,800,0,-1
99,97,0,2
198,4828,0,-4630
798,800,0,-2
498,499,0,-1
199,197,0,2
198,197,0,1
98,97,0,1
898,897,0,1
398,1497,0,-1099
598,600,0,-2
98,99,0,-1
798,800,0,-2
799,797,0,2
399,400,0,-1
298,299,0,-1
498,499,0,-1
599,598,0,1
298,200,0,98
699,699,0,0
298,497,0,-199
499,3628,0,-3129
799,797,0,2
498,499,0,-1
298,298,0,0
699,699,0,0
598,597,0,1
499,499,0,0
799,800,0,-1
798,797,0,1
299,298,0,1
798,797,0,1
699,699,0,0
798,800,0,-2
499,497,0,2
99,97,0,2
98,99,0,-1
898,96,0,802
198,197,0,1
199,200,0,-1
599,497,0,102
198,197,0,1
299,299,0,0
98,99,0,-1
398,397,0,1
899,899,0,0
298,299,0,-1
298,96,0,202
699,699,0,0
299,299,0,0
599,600,0,-1
799,797,0,2
898,899,0,-1
399,400,0,-1
898,899,0,-1
599,600,0,-1
798,800,0,-2
699,606,0,93
399,405,0,-6
698,698,0,0
799,797,0,2
299,297,0,2
399,400,0,-1
98,99,0,-1
699,697,0,2
499,499,0,0
98,99,0,-1
199,197,0,2
198,200,0,-2
199,197,0,2
599,897,0,-298
298,298,0,0
598,597,0,1
799,798,0,1
699,697,0,2
799,797,0,2
199,206,0,-7
499,496,0,3
299,298,0,1
298,299,0,-1
399,3898,0,-3499
499,471,0,28
599,597,0,2
198,200,0,-2
899,899,0,0
799,797,0,2
598,597,0,1
698,699,0,-1
799,797,0,2
198,200,0,-2
99,99,0,0
298,297,0,1
598,600,0,-2
798,797,0,1
899,899,0,0
399,400,0,-1
799,797,0,2
699,699,0,0
199,200,0,-1
298,297,0,1
198,200,0,-2
199,197,0,2
499,499,0,0
799,797,0,2
599,600,0,-1
98,99,0,-1
698,697,0,1
398,400,0,-2
99,97,0,2
498,501,0,-3
799,800,0,-1
299,299,0,0
198,197,0,1
899,899,0,0
798,800,0,-2
199,195,0,4
198,200,0,-2
798,800,0,-2
698,699,0,-1
898,920,0,-22
199,200,0,-1
199,200,0,-1
498,497,0,1
199,197,0,2
198,3070,0,-2872
199,197,0,2
799,800,0,-1
798,96,0,702
499,507,0,-8
199,200,0,-1
598,600,0,-2
599,597,0,2
399,400,0,-1
199,200,0,-1
99,99,0,0
799,795,0,4
199,197,0,2
798,101,0,697
98,99,0,-1
599,600,0,-1
198,197,0,1
799,800,0,-1
899,899,0,0
98,99,0,-1
198,200,0,-2
198,197,0,1
298,298,0,0
298,297,0,1
98,101,0,-3
699,699,0,0
599,497,0,102
498,499,0,-1
99,99,0,0
698,699,0,-1
699,697,0,2
498,499,0,-1
99,97,0,2
799,797,0,2
398,400,0,-2
198,197,0,1
198,197,0,1
498,499,0,-1
399,400,0,-1
198,96,0,102
798,800,0,-2
399,402,0,-3
398,397,0,1
598,597,0,1
399,397,0,2
698,99,0,599
99,97,0,2
299,299,0,0
899,897,0,2
598,698,0,-100
199,4400,0,-4201
498,498,0,0
698,697,0,1
899,899,0,0
198,197,0,1
499,,,
98,99,0,-1
799,877,0,-78
598,600,0,-2
899,897,0,2
598,600,0,-2
199,197,0,2
498,497,0,1
599,600,0,-1
98,120,0,-22
399,400,0,-1
699,698,0,1
199,200,0,-1
398,393,0,5
699,697,0,2
499,499,0,0
199,197,0,2
699,,,
198,197,0,1
798,805,0,-7
199,4310,0,-4111
698,699,0,-1
399,397,0,2
598,600,0,-2
499,499,0,0
899,899,0,0
798,800,0,-2
299,297,0,2
299,299,0,0
298,299,0,-1
398,397,0,1
299,297,0,2
199,200,0,-1
98,,,
299,299,0,0
299,297,0,2
299,299,0,0
798,800,0,-2
199,197,0,2
398,397,0,1
199,200,0,-1
499,497,0,2
898,897,0,1
98,99,0,-1
599,600,0,-1
699,697,0,2
499,499,0,0
798,797,0,1
798,797,0,1
99,99,0,0
599,598,0,1
299,297,0,2
898,899,0,-1
98,97,0,1
298,400,0,-102
499,497,0,2
499,497,0,2
498,597,0,-99
899,877,0,22
98,101,0,-3
699,699,0,0
199,200,0,-1
498,5110,0,-4612
99,99,0,0
98,99,0,-1
599,597,0,2
398,400,0,-2
898,899,0,-1
899,800,0,99
699,699,0,0
299,297,0,2
98,99,0,-1
699,698,0,1
398,397,0,1
698,699,0,-1
299,299,0,0
498,499,0,-1
199,200,0,-1
399,400,0,-1
899,899,0,0
799,797,0,2
898,897,0,1
98,99,0,-1
498,499,0,-1
598,597,0,1
499,499,0,0
699,711,0,-12
899,899,0,0
898,907,0,-9
899,897,0,2
199,498,0,-299
399,400,0,-1
599,597,0,2
898,899,0,-1
898,899,0,-1
498,499,0,-1
699,205,0,494
898,899,0,-1
599,597,0,2
798,837,0,-39
398,400,0,-2
398,397,0,1
398,397,0,1
599,600,0,-1
798,800,0,-2
399,398,0,1
298,299,0,-1
98,99,0,-1
799,797,0,2
399,398,0,1
699,597,0,102
98,99,0,-1
899,899,0,0
299,299,0,0
98,99,0,-1
98,99,0,-1
199,200,0,-1
499,499,0,0
198,197,0,1
399,400,0,-1
198,798,0,-600
299,398,0,-99
398,400,0,-2
899,897,0,2
98,99,0,-1
299,1710,0,-1411
398,720,0,-322
98,99,0,-1
698,700,0,-2
799,797,0,2
699,,,
99,96,0,3
699,697,0,2
98,99,0,-1
399,298,0,101
198,200,0,-2
798,797,0,1
499,499,0,0
598,437,0,161
598,597,0,1
99,99,0,0
798,797,0,1
498,499,0,-1
899,899,0,0
899,898,0,1
598,600,0,-2
698,699,0,-1
398,400,0,-2
599,597,0,2
398,397,0,1
498,599,0,-101
298,200,0,98
698,699,0,-1
598,597,0,1
98,99,0,-1
398,397,0,1
298,297,0,1
598,600,0,-2
599,600,0,-1
399,400,0,-1
498,499,0,-1
699,697,0,2
198,200,0,-2
298,296,0,2
99,99,0,0
398,497,0,-99
499,4920,0,-4421
598,4358,0,-3760
98,99,0,-1
198,197,0,1
598,597,0,1
398,397,0,1
399,397,0,2
798,800,0,-2
99,96,0,3
299,299,0,0
199,198,0,1
299,297,0,2
199,200,0,-1
599,597,0,2
598,600,0,-2
399,397,0,2
798,899,0,-101
698,677,0,21
799,760,0,39
498,497,0,1
98,97,0,1
499,499,0,0
98,99,0,-1
498,497,0,1
699,699,0,0
898,697,0,201
599,597,0,2
899,697,0,202
498,499,0,-1
198,898,0,-700
98,99,0,-1
498,507,0,-9
298,299,0,-1
199,200,0,-1
199,197,0,2
498,499,0,-1
699,699,0,0
499,499,0,0
298,299,0,-1
899,899,0,0
398,397,0,1
599,597,0,2
598,597,0,1
598,555,0,43
899,897,0,2
399,397,0,2
98,99,0,-1
98,99,0,-1
298,299,0,-1
898,897,0,1
499,497,0,2
599,597,0,2
499,499,0,0
798,797,0,1
299,497,0,-198
398,397,0,1
698,697,0,1
399,400,0,-1
699,697,0,2
798,96,0,702
699,96,0,603
798,797,0,1
599,600,0,-1
398,400,0,-2
198,200,0,-2
198,197,0,1
99,200,0,-101
898,897,0,1
98,99,0,-1
98,790,0,-692
99,4587,0,-4488
698,699,0,-1
799,797,0,2
898,897,0,1
699,5838,0,-5139
598,597,0,1
499,499,0,0
698,798,0,-100
298,297,0,1
698,699,0,-1
299,299,0,0
798,800,0,-2
898,899,0,-1
798,800,0,-2
298,299,0,-1
699,800,0,-101
498,499,0,-1
798,797,0,1
598,600,0,-2
198,200,0,-2
398,399,0,-1
199,3800,0,-3601
198,200,0,-2
298,5421,0,-5123
98,197,0,-99
598,497,0,101
98,99,0,-1
698,898,0,-200
899,899,0,0
298,299,0,-1
398,397,0,1
899,899,0,0
698,697,0,1
299,293,0,6
898,899,0,-1
99,99,0,0
798,800,0,-2
799,797,0,2
898,296,0,602
599,600,0,-1
799,797,0,2
598,600,0,-2
798,797,0,1
699,697,0,2
899,899,0,0
498,499,0,-1
698,699,0,-1
499,497,0,2
98,99,0,-1
198,200,0,-2
398,400,0,-2
698,697,0,1
198,200,0,-2
98,96,0,2
798,806,0,-8
198,200,0,-2
898,899,0,-1
398,400,0,-2
899,398,0,501
198,197,0,1
598,597,0,1
299,299,0,0
798,797,0,1
499,497,0,2
899,899,0,0
899,101,0,798
499,501,0,-2
198,197,0,1
99,97,0,2
599,599,0,0
898,897,0,1
499,600,0,-101
899,953,0,-54
599,4897,0,-4298
498,497,0,1
299,297,0,2
398,397,0,1
198,200,0,-2
798,837,0,-39
798,800,0,-2
698,699,0,-1
699,697,0,2
799,799,0,0
898,899,0,-1
399,397,0,2
98,99,0,-1
99,99,0,0
698,697,0,1
898,899,0,-1
699,696,0,3
698,699,0,-1
298,297,0,1
99,99,0,0
98,99,0,-1
698,699,0,-1
499,897,0,-398
199,200,0,-1
699,697,0,2
199,2231,0,-2032
99,99,0,0
399,395,0,4
298,297,0,1
498,499,0,-1
499,499,0,0
499,497,0,2
898,899,0,-1
899,899,0,0
198,200,0,-2
898,899,0,-1
198,197,0,1
199,200,0,-1
298,297,0,1
199,197,0,2
499,525,0,-26
499,497,0,2
599,798,0,-199
599,597,0,2
899,899,0,0
698,697,0,1
599,600,0,-1
798,800,0,-2
399,397,0,2
198,200,0,-2
199,200,0,-1
199,199,0,0
799,800,0,-1
199,197,0,2
699,699,0,0
698,707,0,-9
398,400,0,-2
98,99,0,-1
98,99,0,-1
599,597,0,2
799,799,0,0
398,397,0,1
198,197,0,1
698,699,0,-1
598,600,0,-2
298,198,0,100
199,200,0,-1
798,800,0,-2
398,495,0,-97
698,697,0,1
98,99,0,-1
499,697,0,-198
198,5555,0,-5357
498,499,0,-1
798,800,0,-2
699,697,0,2
898,899,0,-1
399,598,0,-199
599,597,0,2
298,297,0,1
599,697,0,-98
499,499,0,0
598,597,0,1
898,897,0,1
99,98,0,1
598,597,0,1
599,600,0,-1
598,297,0,301
599,597,0,2
298,299,0,-1
899,897,0,2
98,101,0,-3
899,897,0,2
599,600,0,-1
398,397,0,1
498,301,0,197
398,3828,0,-3430
898,899,0,-1
899,897,0,2
298,277,0,21
598,5354,0,-4756
498,499,0,-1
799,797,0,2
299,297,0,2
599,600,0,-1
298,4628,0,-4330
299,299,0,0
698,501,0,197
598,597,0,1
499,399,0,100
398,397,0,1
598,600,0,-2
198,200,0,-2
798,600,0,198
898,897,0,1
98,99,0,-1
599,600,0,-1
198,197,0,1
898,897,0,1
498,800,0,-302
198,200,0,-2
599,600,0,-1
198,197,0,1
898,899,0,-1
799,800,0,-1
98,99,0,-1
599,600,0,-1
198,197,0,1
198,96,0,102
899,899,0,0
499,497,0,2
399,398,0,1
199,200,0,-1
399,400,0,-1
699,697,0,2
298,296,0,2
198,199,0,-1
698,699,0,-1
899,898,0,1
198,200,0,-2
599,,,
299,297,0,2
398,400,0,-2
599,597,0,2
99,200,0,-101
399,400,0,-1
298,297,0,1
498,499,0,-1
499,500,0,-1
298,605,0,-307
499,497,0,2
699,699,0,0
198,200,0,-2
798,797,0,1
799,797,0,2
299,299,0,0
198,197,0,1
798,800,0,-2
799,800,0,-1
799,800,0,-1
898,899,0,-1
799,800,0,-1
798,598,0,200
799,800,0,-1
99,99,0,0
199,200,0,-1
498,5277,0,-4779
399,400,0,-1
198,197,0,1
199,200,0,-1
198,299,0,-101
299,296,0,3
799,697,0,102
598,597,0,1
99,99,0,0
899,901,0,-2
398,397,0,1
199,200,0,-1
798,1670,0,-872
398,296,0,102
299,299,0,0
899,897,0,2
99,296,0,-197
399,295,0,104
499,497,0,2
498,499,0,-1
498,497,0,1
799,800,0,-1
799,797,0,2
898,898,0,0
399,1790,0,-1391
198,200,0,-2
498,600,0,-102
398,397,0,1
99,97,0,2
198,197,0,1
99,99,0,0
799,794,0,5
98,97,0,1
499,507,0,-8
899,899,0,0
798,701,0,97
199,197,0,2
698,707,0,-9
398,397,0,1
398,397,0,1
299,299,0,0
199,200,0,-1
799,2428,0,-1629
598,501,0,97
599,597,0,2
898,897,0,1
98,,,
499,499,0,0
698,697,0,1
598,597,0,1
598,598,0,0
798,797,0,1
98,97,0,1
499,497,0,2
798,296,0,502
598,597,0,1
698,699,0,-1
699,699,0,0
299,299,0,0
898,899,0,-1
399,397,0,2
599,600,0,-1
698,699,0,-1
398,397,0,1
498,499,0,-1
498,499,0,-1
598,597,0,1
299,299,0,0
99,97,0,2
98,99,0,-1
898,899,0,-1
599,597,0,2
598,389,0,209
598,599,0,-1
199,200,0,-1
499,497,0,2
398,400,0,-2
699,699,0,0
599,597,0,2
798,801,0,-3
299,297,0,2
498,499,0,-1
198,197,0,1
99,4720,0,-4621
99,97,0,2
698,697,0,1
698,699,0,-1
799,800,0,-1
299,299,0,0
898,400,0,498
498,508,0,-10
898,899,0,-1
598,600,0,-2
298,297,0,1
498,501,0,-3
299,297,0,2
199,295,0,-96
198,197,0,1
599,560,0,39
699,698,0,1
98,96,0,2
398,400,0,-2
99,97,0,2
299,297,0,2
798,800,0,-2
299,299,0,0
498,499,0,-1
399,397,0,2
899,899,0,0
799,800,0,-1
399,397,0,2
499,507,0,-8
799,797,0,2
799,800,0,-1
99,99,0,0
598,600,0,-2
298,299,0,-1
398,400,0,-2
898,1006,0,-108
198,197,0,1
199,200,0,-1
898,897,0,1
199,197,0,2
799,800,0,-1
798,797,0,1
298,297,0,1
398,397,0,1
598,600,0,-2
99,99,0,0
198,200,0,-2
699,697,0,2
699,699,0,0
399,400,0,-1
299,298,0,1
598,597,0,1
699,757,0,-58
599,597,0,2
499,497,0,2
599,597,0,2
599,597,0,2
599,597,0,2
399,301,0,98
499,497,0,2
699,699,0,0
899,897,0,2
499,498,0,1
798,800,0,-2
199,96,0,103
498,499,0,-1
598,597,0,1
899,899,0,0
699,699,0,0
298,298,0,0
598,598,0,0
898,897,0,1
499,499,0,0
199,197,0,2
299,299,0,0
298,299,0,-1
898,800,0,98
399,400,0,-1
399,397,0,2
799,806,0,-7
798,797,0,1
899,320,0,579
898,897,0,1
298,299,0,-1
898,897,0,1
198,200,0,-2
698,697,0,1
799,800,0,-1
599,497,0,102
699,697,0,2
598,697,0,-99
298,299,0,-1
898,897,0,1
498,499,0,-1
899,698,0,201
798,797,0,1
799,800,0,-1
599,600,0,-1
98,99,0,-1
799,797,0,2
598,,,
898,899,0,-1
799,797,0,2
398,400,0,-2
599,597,0,2
598,600,0,-2
298,198,0,100
498,898,0,-400
598,600,0,-2
299,297,0,2
699,699,0,0
498,507,0,-9
98,101,0,-3
898,899,0,-1
199,200,0,-1
599,597,0,2
898,899,0,-1
499,696,0,-197
498,499,0,-1
499,499,0,0
799,800,0,-1
98,99,0,-1
499,499,0,0
398,400,0,-2
99,99,0,0
498,398,0,100
399,5267,0,-4868
899,899,0,0
599,600,0,-1
398,897,0,-499
298,297,0,1
498,297,0,201
399,397,0,2
699,720,0,-21
198,200,0,-2
598,595,0,3
499,498,0,1
299,299,0,0
399,397,0,2
798,797,0,1
799,800,0,-1
599,600,0,-1
798,800,0,-2
499,497,0,2
398,407,0,-9
398,394,0,4
399,397,0,2
399,400,0,-1
498,499,0,-1
298,307,0,-9
299,497,0,-198
98,99,0,-1
699,699,0,0
198,200,0,-2
198,200,0,-2
599,597,0,2
99,5006,0,-4907
498,499,0,-1
699,699,0,0
898,897,0,1
499,499,0,0
899,898,0,1
699,699,0,0
98,99,0,-1
198,197,0,1
799,794,0,5
499,499,0,0
498,499,0,-1
398,397,0,1
799,800,0,-1
198,198,0,0
98,97,0,1
698,697,0,1
498,499,0,-1
98,,,
799,797,0,2
499,499,0,0
599,600,0,-1
698,308,0,390
898,400,0,498
899,899,0,0
898,899,0,-1
398,397,0,1
299,297,0,2
699,701,0,-2
799,800,0,-1
899,899,0,0
798,800,0,-2
899,898,0,1
99,194,0,-95
199,197,0,2
398,400,0,-2
899,897,0,2
899,897,0,2
399,397,0,2
898,899,0,-1
199,200,0,-1
198,205,0,-7
698,697,0,1
498,497,0,1
899,3440,0,-2541
498,497,0,1
898,697,0,201
298,320,0,-22
598,597,0,1
98,99,0,-1
599,597,0,2
99,97,0,2
699,698,0,1
498,499,0,-1
798,797,0,1
799,797,0,2
498,499,0,-1
699,699,0,0
299,299,0,0
498,499,0,-1
499,497,0,2
899,899,0,0
699,498,0,201
799,800,0,-1
598,597,0,1
199,197,0,2
399,400,0,-1
698,699,0,-1
298,297,0,1
298,299,0,-1
98,96,0,2
298,299,0,-1
198,200,0,-2
498,547,0,-49
698,707,0,-9
398,397,0,1
499,400,0,99
298,297,0,1
598,597,0,1
399,400,0,-1
598,597,0,1
698,2486,0,-1788
398,400,0,-2
199,805,0,-606
699,699,0,0
399,397,0,2
698,707,0,-9
799,800,0,-1
598,600,0,-2
598,597,0,1
399,400,0,-1
699,699,0,0
698,704,0,-6
899,897,0,2
698,697,0,1
299,299,0,0
599,600,0,-1
499,497,0,2
398,598,0,-200
99,99,0,0
599,597,0,2
99,97,0,2
199,198,0,1
598,800,0,-202
498,4154,0,-3656
98,97,0,1
499,499,0,0
698,697,0,1
599,597,0,2
198,200,0,-2
399,4360,0,-3961
398,399,0,-1
98,99,0,-1
199,197,0,2
898,898,0,0
899,897,0,2
599,298,0,301
898,899,0,-1
699,697,0,2
599,597,0,2
199,200,0,-1
198,200,0,-2
798,800,0,-2
799,800,0,-1
698,4160,0,-3462
299,299,0,0
898,899,0,-1
398,398,0,0
398,400,0,-2
398,391,0,7
198,197,0,1
499,499,0,0
698,699,0,-1
598,600,0,-2
899,899,0,0
99,99,0,0
199,200,0,-1
898,907,0,-9
398,397,0,1
598,597,0,1
198,200,0,-2
498,497,0,1
898,897,0,1
699,699,0,0
499,499,0,0
199,197,0,2
99,200,0,-101
399,397,0,2
298,301,0,-3
99,200,0,-101
499,499,0,0
398,397,0,1
298,301,0,-3
199,200,0,-1
899,899,0,0
299,299,0,0
398,400,0,-2
299,299,0,0
698,699,0,-1
199,200,0,-1
98,99,0,-1
599,597,0,2
498,4724,0,-4226
598,600,0,-2
198,197,0,1
298,299,0,-1
198,197,0,1
799,799,0,0
99,99,0,0
599,600,0,-1
198,200,0,-2
498,498,0,0
399,400,0,-1
298,96,0,202
98,97,0,1
198,197,0,1
599,597,0,2
99,99,0,0
198,200,0,-2
499,499,0,0
499,499,0,0
598,597,0,1
699,699,0,0
898,101,0,797
399,400,0,-1
298,299,0,-1
399,400,0,-1
398,397,0,1
199,5040,0,-4841
799,797,0,2
198,197,0,1
298,907,0,-609
398,,,
298,299,0,-1
298,299,0,-1
499,408,0,91
398,397,0,1
198,197,0,1
499,499,0,0
399,405,0,-6
499,499,0,0
198,197,0,1
898,883,0,15
498,499,0,-1
498,499,0,-1
899,899,0,0
399,400,0,-1
298,299,0,-1
798,797,0,1
899,897,0,2
98,99,0,-1
698,697,0,1
699,800,0,-101
699,697,0,2
598,597,0,1
798,800,0,-2
698,699,0,-1
698,698,0,0
398,400,0,-2
699,699,0,0
299,297,0,2
199,4640,0,-4441
498,497,0,1
699,697,0,2
698,699,0,-1
799,797,0,2
599,597,0,2
798,837,0,-39
599,697,0,-98
798,797,0,1
499,499,0,0
299,301,0,-2
298,299,0,-1
299,299,0,0
499,499,0,0
699,699,0,0
598,597,0,1
399,397,0,2
798,797,0,1
99,101,0,-2
198,98,0,100
99,100,0,-1
798,797,0,1
798,800,0,-2
798,800,0,-2
498,499,0,-1
499,499,0,0
598,597,0,1
98,99,0,-1
599,597,0,2
99,97,0,2
398,440,0,-42
398,200,0,198
899,,,
399,400,0,-1
299,299,0,0
899,870,0,29
198,101,0,97
899,397,0,502
99,99,0,0
598,597,0,1
899,899,0,0
198,197,0,1
99,99,0,0
398,397,0,1
798,799,0,-1
599,599,0,0
499,497,0,2
799,800,0,-1
299,2028,0,-1729
898,899,0,-1
498,497,0,1
499,499,0,0
798,797,0,1
198,897,0,-699
599,600,0,-1
899,899,0,0
198,197,0,1
199,197,0,2
99,98,0,1
799,797,0,2
198,200,0,-2
898,1197,0,-299
498,499,0,-1
599,597,0,2
498,499,0,-1
199,200,0,-1
799,800,0,-1
698,697,0,1
498,499,0,-1
399,400,0,-1
399,400,0,-1
499,499,0,0
298,299,0,-1
599,600,0,-1
98,99,0,-1
798,797,0,1
899,899,0,0
399,400,0,-1
199,197,0,2
398,5388,0,-4990
498,497,0,1
199,200,0,-1
898,897,0,1
798,797,0,1
299,299,0,0
199,200,0,-1
699,705,0,-6
898,897,0,1
499,499,0,0
498,497,0,1
499,501,0,-2
898,897,0,1
798,797,0,1
298,297,0,1
398,400,0,-2
598,4097,0,-3499
398,400,0,-2
398,400,0,-2
399,397,0,2
698,797,0,-99
699,697,0,2
598,497,0,101
798,800,0,-2
798,897,0,-99
398,397,0,1
599,597,0,2
898,897,0,1
899,898,0,1
299,299,0,0
398,400,0,-2
98,97,0,1
499,497,0,2
798,800,0,-2
298,297,0,1
598,898,0,-300
398,397,0,1
298,299,0,-1
699,697,0,2
699,699,0,0
99,99,0,0
98,99,0,-1
198,898,0,-700
98,99,0,-1
899,899,0,0
498,497,0,1
299,299,0,0
698,699,0,-1
298,4000,0,-3702
198,197,0,1
599,597,0,2
898,899,0,-1
299,299,0,0
98,99,0,-1
399,800,0,-401
399,397,0,2
198,200,0,-2
498,499,0,-1
599,600,0,-1
599,597,0,2
299,299,0,0
199,200,0,-1
298,299,0,-1
298,299,0,-1
699,697,0,2
699,699,0,0
99,99,0,0
98,97,0,1
198,200,0,-2
99,200,0,-101
599,697,0,-98
498,499,0,-1
499,499,0,0
798,797,0,1
198,200,0,-2
198,200,0,-2
798,800,0,-2
399,397,0,2
798,797,0,1
199,200,0,-1
499,499,0,0
799,797,0,2
598,600,0,-2
98,99,0,-1
98,99,0,-1
499,539,0,-40
898,899,0,-1
398,399,0,-1
899,899,0,0
899,899,0,0
198,197,0,1
298,296,0,2
499,498,0,1
898,897,0,1
799,800,0,-1
599,597,0,2
198,200,0,-2
498,498,0,0
198,197,0,1
799,797,0,2
198,200,0,-2
99,96,0,3
799,801,0,-2
398,101,0,297
698,699,0,-1
798,800,0,-2
199,197,0,2
698,699,0,-1
298,297,0,1
598,600,0,-2
98,99,0,-1
98,99,0,-1
299,297,0,2
599,597,0,2
99,99,0,0
299,297,0,2
798,496,0,302
99,3393,0,-3294
599,599,0,0
598,600,0,-2
798,798,0,0
798,799,0,-1
599,4307,0,-3708
898,670,0,228
799,800,0,-1
699,,,
298,299,0,-1
299,297,0,2
699,699,0,0
99,99,0,0
498,497,0,1
298,299,0,-1
199,200,0,-1
98,99,0,-1
499,499,0,0
299,299,0,0
698,697,0,1
699,3720,0,-3021
798,800,0,-2
899,2667,0,-1768
499,499,0,0
398,400,0,-2
499,499,0,0
599,599,0,0
898,898,0,0
898,897,0,1
598,597,0,1
198,194,0,4
99,99,0,0
99,5587,0,-5488
198,200,0,-2
399,397,0,2
799,800,0,-1
298,299,0,-1
599,597,0,2
699,797,0,-98
198,297,0,-99
399,198,0,201
299,298,0,1
498,499,0,-1
598,600,0,-2
198,198,0,0
399,400,0,-1
699,805,0,-106
299,299,0,0
299,299,0,0
798,797,0,1
799,800,0,-1
298,298,0,0
198,197,0,1
399,400,0,-1
899,897,0,2
898,897,0,1
699,699,0,0
498,507,0,-9
399,400,0,-1
598,600,0,-2
598,597,0,1
698,697,0,1
98,99,0,-1
698,699,0,-1
698,699,0,-1
299,299,0,0
499,497,0,2
499,398,0,101
799,797,0,2
199,296,0,-97
298,398,0,-100
298,297,0,1
599,600,0,-1
98,97,0,1
298,3205,0,-2907
799,797,0,2
298,297,0,1
199,400,0,-201
198,197,0,1
698,697,0,1
199,296,0,-97
199,200,0,-1
99,99,0,0
698,697,0,1
198,200,0,-2
98,799,0,-701
699,680,0,19
98,99,0,-1
198,200,0,-2
398,400,0,-2
498,497,0,1
298,297,0,1
98,99,0,-1
98,99,0,-1
499,499,0,0
398,397,0,1
599,597,0,2
98,99,0,-1
699,600,0,99
898,899,0,-1
499,499,0,0
99,,,
699,698,0,1
298,299,0,-1
298,299,0,-1
498,499,0,-1
198,200,0,-2
599,2828,0,-2229
598,597,0,1
98,97,0,1
98,99,0,-1
698,640,0,58
398,400,0,-2
199,200,0,-1
498,499,0,-1
599,600,0,-1
799,800,0,-1
898,899,0,-1
198,197,0,1
499,499,0,0
698,697,0,1
398,400,0,-2
898,899,0,-1
699,699,0,0
299,297,0,2
99,97,0,2
299,299,0,0
798,797,0,1
199,197,0,2
399,397,0,2
199,200,0,-1
798,797,0,1
598,98,0,500
798,805,0,-7
299,299,0,0
899,897,0,2
399,397,0,2
699,667,0,32
198,297,0,-99
499,499,0,0
298,299,0,-1
698,699,0,-1
498,497,0,1
99,96,0,3
699,697,0,2
398,301,0,97
699,,,
898,897,0,1
399,398,0,1
599,600,0,-1
598,600,0,-2
199,197,0,2
299,299,0,0
599,400,0,199
99,98,0,1
899,899,0,0
699,699,0,0
499,497,0,2
799,795,0,4
798,797,0,1
899,899,0,0
399,697,0,-298
199,,,
599,600,0,-1
899,907,0,-8
498,499,0,-1
798,797,0,1
399,397,0,2
299,297,0,2
498,96,0,402
399,400,0,-1
799,800,0,-1
398,372,0,26
199,200,0,-1
698,699,0,-1
298,297,0,1
599,600,0,-1
799,797,0,2
198,200,0,-2
399,400,0,-1
899,899,0,0
398,400,0,-2
99,96,0,3
899,898,0,1
299,298,0,1
499,499,0,0
799,797,0,2
698,699,0,-1
298,299,0,-1
499,497,0,2
899,897,0,2
699,699,0,0
898,899,0,-1
199,200,0,-1
298,299,0,-1
498,497,0,1
598,600,0,-2
499,497,0,2
598,600,0,-2
98,98,0,0
798,200,0,598
699,96,0,603
899,96,0,803
499,499,0,0
399,96,0,303
799,799,0,0
299,299,0,0
599,600,0,-1
98,99,0,-1
499,499,0,0
99,99,0,0
899,899,0,0
98,99,0,-1
599,501,0,98
99,99,0,0
799,797,0,2
598,600,0,-2
298,299,0,-1
99,99,0,0
98,99,0,-1
398,397,0,1
599,600,0,-1
99,97,0,2
298,297,0,1
99,99,0,0
799,5027,0,-4228
299,298,0,1
498,499,0,-1
499,597,0,-98
99,99,0,0
99,99,0,0
798,800,0,-2
598,520,0,78
399,397,0,2
898,897,0,1
398,497,0,-99
898,899,0,-1
599,697,0,-98
398,400,0,-2
198,197,0,1
98,296,0,-198
798,797,0,1
198,200,0,-2
199,200,0,-1
299,299,0,0
198,197,0,1
298,297,0,1
899,898,0,1
699,699,0,0
598,600,0,-2
699,139,0,560
399,400,0,-1
598,597,0,1
699,697,0,2
699,699,0,0
198,200,0,-2
598,600,0,-2
99,99,0,0
199,200,0,-1
498,499,0,-1
799,800,0,-1
399,397,0,2
899,899,0,0
499,499,0,0
499,520,0,-21
899,899,0,0
99,99,0,0
99,898,0,-799
598,600,0,-2
899,498,0,401
799,800,0,-1
799,797,0,2
598,597,0,1
698,397,0,301
199,,,
599,597,0,2
798,800,0,-2
99,120,0,-21
299,296,0,3
798,800,0,-2
499,499,0,0
599,597,0,2
199,96,0,103
599,597,0,2
298,299,0,-1
898,907,0,-9
899,897,0,2
299,299,0,0
299,297,0,2
499,497,0,2
398,397,0,1
598,597,0,1
899,907,0,-8
298,299,0,-1
398,397,0,1
399,4957,0,-4558
798,800,0,-2
599,600,0,-1
399,3348,0,-2949
698,701,0,-3
898,897,0,1
798,5914,0,-5116
299,298,0,1
99,97,0,2
398,400,0,-2
698,699,0,-1
898,897,0,1
698,301,0,397
899,899,0,0
598,600,0,-2
698,699,0,-1
898,899,0,-1
198,200,0,-2
599,605,0,-6
398,397,0,1
798,859,0,-61
198,200,0,-2
699,701,0,-2
399,397,0,2
899,899,0,0
899,920,0,-21
398,400,0,-2
399,399,0,0
99,97,0,2
399,397,0,2
98,99,0,-1
399,400,0,-1
199,200,0,-1
299,301,0,-2
798,797,0,1
498,499,0,-1
498,501,0,-3
498,697,0,-199
399,397,0,2
698,699,0,-1
398,400,0,-2
499,499,0,0
298,296,0,2
698,797,0,-99
699,697,0,2
398,397,0,1
698,697,0,1
598,597,0,1
98,97,0,1
598,600,0,-2
599,600,0,-1
198,200,0,-2
199,197,0,2
699,699,0,0
798,797,0,1
699,699,0,0
898,907,0,-9
99,201,0,-102
398,400,0,-2
399,400,0,-1
698,699,0,-1
399,400,0,-1
898,899,0,-1
98,99,0,-1
898,897,0,1
299,200,0,99
99,99,0,0
299,299,0,0
499,499,0,0
799,797,0,2
898,899,0,-1
299,308,0,-9
399,400,0,-1
299,299,0,0
299,299,0,0
699,698,0,1
498,499,0,-1
98,99,0,-1
299,299,0,0
598,600,0,-2
298,299,0,-1
398,400,0,-2
398,96,0,302
399,397,0,2
799,797,0,2
99,99,0,0
899,897,0,2
898,899,0,-1
798,800,0,-2
799,800,0,-1
799,797,0,2
899,897,0,2
299,297,0,2
898,899,0,-1
798,831,0,-33
198,200,0,-2
899,897,0,2
599,597,0,2
499,499,0,0
899,899,0,0
398,397,0,1
499,507,0,-8
298,299,0,-1
299,299,0,0
598,597,0,1
198,200,0,-2
299,299,0,0
298,299,0,-1
698,628,0,70
398,96,0,302
898,899,0,-1
399,589,0,-190
598,600,0,-2
698,699,0,-1
698,699,0,-1
99,97,0,2
399,197,0,202
698,707,0,-9
299,299,0,0
298,297,0,1
698,699,0,-1
899,897,0,2
798,800,0,-2
499,499,0,0
699,699,0,0
198,200,0,-2
799,790,0,9
699,697,0,2
498,499,0,-1
798,797,0,1
499,897,0,-398
498,497,0,1
599,200,0,399
898,898,0,0
598,597,0,1
898,899,0,-1
799,101,0,698
699,699,0,0
498,499,0,-1
199,205,0,-6
798,797,0,1
799,797,0,2
599,600,0,-1
799,819,0,-20
199,200,0,-1
799,794,0,5
798,800,0,-2
199,5628,0,-5429
898,900,0,-2
398,198,0,200
699,699,0,0
99,99,0,0
399,400,0,-1
299,600,0,-301
199,200,0,-1
399,397,0,2
699,699,0,0
398,397,0,1
98,97,0,1
598,640,0,-42
599,600,0,-1
799,699,0,100
399,397,0,2
398,397,0,1
498,497,0,1
898,897,0,1
99,99,0,0
899,899,0,0
299,297,0,2
198,197,0,1
898,802,0,96
98,97,0,1
599,600,0,-1
199,197,0,2
798,898,0,-100
798,897,0,-99
799,498,0,301
898,405,0,493
698,699,0,-1
198,197,0,1
398,397,0,1
98,97,0,1
798,797,0,1
399,400,0,-1
898,899,0,-1
898,899,0,-1
698,699,0,-1
599,600,0,-1
99,99,0,0
599,597,0,2
399,398,0,1
798,798,0,0
899,897,0,2
899,2030,0,-1131
199,200,0,-1
698,699,0,-1
198,197,0,1
198,197,0,1
898,897,0,1
598,2478,0,-1880
698,697,0,1
398,400,0,-2
299,405,0,-106
899,899,0,0
799,797,0,2
498,499,0,-1
898,899,0,-1
498,101,0,397
599,597,0,2
498,499,0,-1
798,800,0,-2
99,,,
99,496,0,-397
399,397,0,2
199,197,0,2
198,200,0,-2
399,397,0,2
798,840,0,-42
898,897,0,1
299,,,
798,4432,0,-3634
199,197,0,2
798,797,0,1
599,600,0,-1
398,397,0,1
98,99,0,-1
598,600,0,-2
99,202,0,-103
698,699,0,-1
298,295,0,3
198,200,0,-2
199,200,0,-1
599,600,0,-1
298,299,0,-1
498,499,0,-1
599,600,0,-1
399,397,0,2
899,899,0,0
398,400,0,-2
199,197,0,2
399,400,0,-1
698,697,0,1
699,697,0,2
198,197,0,1
899,899,0,0
498,499,0,-1
298,96,0,202
299,299,0,0
98,97,0,1
698,707,0,-9
498,499,0,-1
299,299,0,0
99,3686,0,-3587
498,496,0,2
499,499,0,0
599,4258,0,-3659
298,297,0,1
298,299,0,-1
698,697,0,1
398,397,0,1
598,600,0,-2
398,397,0,1
298,297,0,1
898,897,0,1
599,597,0,2
399,400,0,-1
898,899,0,-1
898,897,0,1
499,499,0,0
98,99,0,-1
398,400,0,-2
299,198,0,101
399,397,0,2
798,800,0,-2
98,99,0,-1
98,99,0,-1
698,699,0,-1
98,99,0,-1
498,497,0,1
198,197,0,1
399,397,0,2
698,701,0,-3
198,200,0,-2
798,800,0,-2
898,,,
898,898,0,0
599,597,0,2
698,699,0,-1
498,4205,0,-3707
498,499,0,-1
399,397,0,2
898,899,0,-1
198,197,0,1
598,808,0,-210
298,3697,0,-3399
399,897,0,-498
399,397,0,2
498,497,0,1
798,797,0,1
99,297,0,-198
299,297,0,2
699,697,0,2
99,99,0,0
799,496,0,303
799,800,0,-1
298,400,0,-102
399,397,0,2
898,895,0,3
799,797,0,2
99,99,0,0
699,699,0,0
699,697,0,2
199,197,0,2
99,99,0,0
898,899,0,-1
199,200,0,-1
699,699,0,0
799,901,0,-102
598,597,0,1
798,800,0,-2
799,800,0,-1
399,397,0,2
399,397,0,2
199,200,0,-1
598,600,0,-2
199,197,0,2
698,699,0,-1
399,400,0,-1
798,800,0,-2
898,897,0,1
498,499,0,-1
599,597,0,2
299,805,0,-506
199,205,0,-6
199,395,0,-196
598,597,0,1
598,597,0,1
398,400,0,-2
299,299,0,0
499,499,0,0
398,1318,0,-920
899,897,0,2
199,297,0,-98
599,600,0,-1
298,299,0,-1
299,189,0,110
299,299,0,0
98,99,0,-1
98,120,0,-22
99,99,0,0
699,699,0,0
399,397,0,2
799,797,0,2
498,499,0,-1
398,400,0,-2
698,5354,0,-4656
98,4006,0,-3908
98,96,0,2
198,200,0,-2
199,197,0,2
798,800,0,-2
798,800,0,-2
299,299,0,0
799,797,0,2
198,200,0,-2
899,899,0,0
399,3962,0,-3563
98,98,0,0
399,400,0,-1
399,400,0,-1
499,897,0,-398
699,701,0,-2
498,499,0,-1
199,200,0,-1
498,499,0,-1
198,4868,0,-4670
599,597,0,2
699,699,0,0
598,,,
199,198,0,1
299,299,0,0
499,497,0,2
498,501,0,-3
298,299,0,-1
598,600,0,-2
899,899,0,0
398,400,0,-2
598,600,0,-2
198,200,0,-2
898,899,0,-1
498,498,0,0
599,597,0,2
398,400,0,-2
699,699,0,0
798,797,0,1
498,499,0,-1
599,597,0,2
99,200,0,-101
798,800,0,-2
798,800,0,-2
399,200,0,199
899,886,0,13
599,597,0,2
99,99,0,0
898,877,0,21
799,800,0,-1
799,800,0,-1
299,297,0,2
299,297,0,2
599,597,0,2
498,499,0,-1
198,200,0,-2
99,99,0,0
198,197,0,1
899,898,0,1
99,97,0,2
498,499,0,-1
298,299,0,-1
98,97,0,1
499,497,0,2
99,525,0,-426
799,800,0,-1
799,797,0,2
698,698,0,0
598,600,0,-2
899,907,0,-8
299,299,0,0
699,699,0,0
398,400,0,-2
598,597,0,1
599,597,0,2
698,705,0,-7
699,699,0,0
598,,,
99,99,0,0
198,200,0,-2
798,797,0,1
398,397,0,1
299,296,0,3
798,800,0,-2
399,400,0,-1
499,600,0,-101
799,800,0,-1
198,197,0,1
898,897,0,1
498,507,0,-9
798,198,0,600
198,296,0,-98
599,697,0,-98
498,501,0,-3
99,96,0,3
599,597,0,2
99,298,0,-199
898,899,0,-1
199,199,0,0
99,99,0,0
498,499,0,-1
199,197,0,2
899,899,0,0
598,400,0,198
499,498,0,1
698,698,0,0
798,800,0,-2
698,699,0,-1
198,197,0,1
599,597,0,2
799,797,0,2
499,499,0,0
799,797,0,2
499,497,0,2
899,901,0,-2
399,400,0,-1
699,697,0,2
299,297,0,2
198,301,0,-103
798,797,0,1
699,699,0,0
399,400,0,-1
398,400,0,-2
699,699,0,0
799,800,0,-1
298,1538,0,-1240
198,197,0,1
898,397,0,501
99,3381,0,-3282
899,899,0,0
598,697,0,-99
298,304,0,-6
99,99,0,0
299,297,0,2
599,,,
799,797,0,2
399,400,0,-1
199,307,0,-108
598,600,0,-2
599,296,0,303
798,797,0,1
98,99,0,-1
498,499,0,-1
498,600,0,-102
198,200,0,-2
99,97,0,2
498,499,0,-1
899,907,0,-8
598,597,0,1
798,800,0,-2
298,299,0,-1
299,299,0,0
198,200,0,-2
498,499,0,-1
298,299,0,-1
199,200,0,-1
399,400,0,-1
698,698,0,0
899,897,0,2
899,899,0,0
798,800,0,-2
898,4590,0,-3692
699,697,0,2
198,200,0,-2
199,197,0,2
498,497,0,1
298,298,0,0
699,697,0,2
799,799,0,0
798,797,0,1
499,499,0,0
899,897,0,2
299,299,0,0
98,99,0,-1
299,299,0,0
498,499,0,-1
398,399,0,-1
898,597,0,301
399,397,0,2
98,99,0,-1
799,800,0,-1
98,99,0,-1
499,497,0,2
799,800,0,-1
699,800,0,-101
699,699,0,0
298,297,0,1
698,296,0,402
98,99,0,-1
99,99,0,0
399,400,0,-1
798,800,0,-2
599,2470,0,-1871
98,97,0,1
499,499,0,0
499,501,0,-2
699,707,0,-8
398,397,0,1
399,200,0,199
898,898,0,0
199,197,0,2
199,200,0,-1
798,805,0,-7
599,3987,0,-3388
398,400,0,-2
399,400,0,-1
498,499,0,-1
199,97,0,102
898,899,0,-1
598,597,0,1
98,99,0,-1
499,497,0,2
798,797,0,1
298,200,0,98
399,400,0,-1
99,99,0,0
98,97,0,1
398,400,0,-2
98,99,0,-1
98,99,0,-1
698,697,0,1
899,897,0,2
699,699,0,0
898,899,0,-1
698,699,0,-1
298,299,0,-1
698,699,0,-1
398,397,0,1
499,499,0,0
399,397,0,2
299,299,0,0
698,699,0,-1
498,497,0,1
599,2990,0,-2391
498,497,0,1
199,200,0,-1
99,97,0,2
798,800,0,-2
398,397,0,1
798,797,0,1
399,400,0,-1
198,200,0,-2
398,799,0,-401
298,297,0,1
899,899,0,0
199,200,0,-1
898,899,0,-1
598,597,0,1
498,505,0,-7
698,598,0,100
699,697,0,2
399,431,0,-32
699,797,0,-98
98,99,0,-1
199,200,0,-1
699,699,0,0
398,400,0,-2
98,99,0,-1
699,699,0,0
198,2098,0,-1900
298,299,0,-1
198,198,0,0
798,101,0,697
99,99,0,0
298,299,0,-1
398,397,0,1
699,697,0,2
399,400,0,-1
298,299,0,-1
99,99,0,0
399,397,0,2
798,800,0,-2
898,898,0,0
198,297,0,-99
298,301,0,-3
499,499,0,0
899,899,0,0
699,3114,0,-2415
298,299,0,-1
699,699,0,0
198,197,0,1
899,897,0,2
699,697,0,2
898,897,0,1
698,699,0,-1
98,99,0,-1
499,501,0,-2
399,400,0,-1
698,697,0,1
298,297,0,1
898,897,0,1
498,499,0,-1
199,197,0,2
99,99,0,0
798,798,0,0
599,595,0,4
98,97,0,1
698,697,0,1
399,397,0,2
98,98,0,0
598,600,0,-2
499,497,0,2
499,520,0,-21
198,197,0,1
899,901,0,-2
599,597,0,2
99,296,0,-197
398,400,0,-2
299,299,0,0
798,298,0,500
99,97,0,2
498,499,0,-1
99,99,0,0
399,400,0,-1
599,205,0,394
98,99,0,-1
198,200,0,-2
698,699,0,-1
499,499,0,0
499,497,0,2
598,591,0,7
499,499,0,0
799,805,0,-6
798,800,0,-2
599,600,0,-1
398,400,0,-2
698,697,0,1
499,474,0,25
899,899,0,0
599,598,0,1
199,200,0,-1
299,299,0,0
398,397,0,1
798,797,0,1
899,899,0,0
398,897,0,-499
299,299,0,0
699,697,0,2
199,200,0,-1
199,104,0,95
898,899,0,-1
299,297,0,2
698,600,0,98
299,1899,0,-1600
498,499,0,-1
298,299,0,-1
799,800,0,-1
499,499,0,0
399,400,0,-1
698,397,0,301
899,899,0,0
698,697,0,1
198,197,0,1
399,397,0,2
399,400,0,-1
198,200,0,-2
699,699,0,0
699,699,0,0
498,499,0,-1
698,697,0,1
899,907,0,-8
399,197,0,202
699,737,0,-38
199,197,0,2
399,397,0,2
398,400,0,-2
799,800,0,-1
198,200,0,-2
498,499,0,-1
498,599,0,-101
598,599,0,-1
499,499,0,0
698,697,0,1
499,499,0,0
799,797,0,2
899,898,0,1
398,96,0,302
198,4030,0,-3832
398,397,0,1
98,99,0,-1
699,699,0,0
499,499,0,0
699,3958,0,-3259
399,400,0,-1
698,699,0,-1
899,600,0,299
99,99,0,0
499,591,0,-92
699,699,0,0
799,800,0,-1
399,397,0,2
198,197,0,1
798,800,0,-2
599,296,0,303
799,797,0,2
199,200,0,-1
599,597,0,2
598,597,0,1
199,200,0,-1
798,501,0,297
699,897,0,-198
499,499,0,0
598,597,0,1
298,297,0,1
199,200,0,-1
899,899,0,0
699,699,0,0
198,197,0,1
299,299,0,0
199,200,0,-1
399,397,0,2
398,397,0,1
898,899,0,-1
299,299,0,0
898,198,0,700
699,757,0,-58
499,499,0,0
599,598,0,1
398,397,0,1
198,200,0,-2
698,720,0,-22
98,99,0,-1
198,197,0,1
898,897,0,1
299,299,0,0
698,4922,0,-4224
299,299,0,0
899,899,0,0
698,800,0,-102
199,200,0,-1
298,299,0,-1
599,600,0,-1
499,5126,0,-4627
599,657,0,-58
798,800,0,-2
799,798,0,1
499,499,0,0
798,805,0,-7
299,299,0,0
298,299,0,-1
498,499,0,-1
898,897,0,1
299,297,0,2
299,800,0,-501
698,699,0,-1
899,899,0,0
99,99,0,0
598,597,0,1
299,295,0,4
799,797,0,2
798,598,0,200
299,299,0,0
398,397,0,1
199,200,0,-1
899,960,0,-61
499,499,0,0
399,397,0,2
498,497,0,1
298,299,0,-1
799,797,0,2
399,397,0,2
399,400,0,-1
799,697,0,102
798,797,0,1
699,697,0,2
398,400,0,-2
99,84,0,15
799,797,0,2
98,99,0,-1
698,699,0,-1
799,800,0,-1
299,298,0,1
798,800,0,-2
298,299,0,-1
899,496,0,403
399,397,0,2
199,194,0,5
198,197,0,1
499,497,0,2
199,197,0,2
799,897,0,-98
899,3590,0,-2691
799,797,0,2
898,898,0,0
199,200,0,-1
598,597,0,1
398,400,0,-2
599,597,0,2
598,597,0,1
798,797,0,1
299,299,0,0
399,400,0,-1
498,499,0,-1
898,899,0,-1
399,398,0,1
299,299,0,0
398,400,0,-2
99,97,0,2
698,699,0,-1
598,600,0,-2
298,299,0,-1
698,707,0,-9
299,299,0,0
499,468,0,31
398,397,0,1
698,699,0,-1
799,96,0,703
298,299,0,-1
698,699,0,-1
699,699,0,0
198,200,0,-2
899,899,0,0
499,2068,0,-1569
499,499,0,0
699,699,0,0
298,938,0,-640
298,297,0,1
798,797,0,1
399,400,0,-1
899,911,0,-12
199,200,0,-1
698,697,0,1
699,697,0,2
298,197,0,101
699,699,0,0
98,99,0,-1
699,697,0,2
399,397,0,2
499,499,0,0
198,197,0,1
899,899,0,0
199,200,0,-1
499,497,0,2
98,99,0,-1
98,96,0,2
398,400,0,-2
198,600,0,-402
498,5166,0,-4668
698,701,0,-3
898,899,0,-1
298,5581,0,-5283
698,689,0,9
199,200,0,-1
498,501,0,-3
498,497,0,1
299,299,0,0
98,97,0,1
599,597,0,2
98,99,0,-1
799,797,0,2
499,501,0,-2
199,200,0,-1
899,899,0,0
898,899,0,-1
398,397,0,1
299,297,0,2
98,97,0,1
498,507,0,-9
299,299,0,0
498,499,0,-1
198,200,0,-2
799,897,0,-98
698,697,0,1
398,697,0,-299
799,797,0,2
398,397,0,1
798,798,0,0
899,899,0,0
98,99,0,-1
499,507,0,-8
698,697,0,1
899,899,0,0
798,800,0,-2
98,99,0,-1
298,299,0,-1
298,298,0,0
398,400,0,-2
98,200,0,-102
498,501,0,-3
299,297,0,2
398,400,0,-2
298,277,0,21
599,720,0,-121
398,400,0,-2
798,800,0,-2
199,200,0,-1
98,99,0,-1
698,697,0,1
298,297,0,1
799,800,0,-1
199,200,0,-1
798,697,0,101
598,597,0,1
898,897,0,1
299,297,0,2
498,499,0,-1
99,99,0,0
399,400,0,-1
98,,,
99,107,0,-8
398,403,0,-5
798,800,0,-2
799,800,0,-1
798,800,0,-2
99,101,0,-2
198,200,0,-2
99,99,0,0
699,697,0,2
298,297,0,1
498,499,0,-1
98,97,0,1
599,597,0,2
99,99,0,0
799,800,0,-1
798,797,0,1
198,400,0,-202
298,297,0,1
899,899,0,0
398,400,0,-2
698,697,0,1
398,397,0,1
299,297,0,2
198,197,0,1
299,298,0,1
399,397,0,2
698,699,0,-1
798,799,0,-1
598,600,0,-2
899,907,0,-8
399,397,0,2
698,699,0,-1
799,797,0,2
299,299,0,0
299,297,0,2
699,699,0,0
399,397,0,2
198,200,0,-2
299,299,0,0
899,400,0,499
399,400,0,-1
798,800,0,-2
498,498,0,0
798,794,0,4
398,400,0,-2
199,197,0,2
899,897,0,2
198,200,0,-2
798,898,0,-100
498,499,0,-1
498,501,0,-3
599,600,0,-1
298,299,0,-1
298,297,0,1
798,897,0,-99
198,197,0,1
398,400,0,-2
98,99,0,-1
299,299,0,0
498,499,0,-1
99,97,0,2
198,200,0,-2
99,99,0,0
799,800,0,-1
399,397,0,2
699,697,0,2
298,299,0,-1
99,99,0,0
499,499,0,0
599,600,0,-1
299,299,0,0
599,600,0,-1
799,800,0,-1
699,697,0,2
898,899,0,-1
698,707,0,-9
599,597,0,2
899,897,0,2
299,297,0,2
499,499,0,0
798,1033,0,-235
799,797,0,2
898,897,0,1
98,101,0,-3
498,499,0,-1
798,797,0,1
298,297,0,1
698,697,0,1
199,200,0,-1
698,699,0,-1
298,698,0,-400
799,797,0,2
698,697,0,1
399,397,0,2
598,597,0,1
599,597,0,2
299,393,0,-94
299,200,0,99
699,699,0,0
99,,,
898,899,0,-1
698,699,0,-1
298,299,0,-1
598,600,0,-2
398,400,0,-2
498,497,0,1
799,1958,0,-1159
399,398,0,1
399,400,0,-1
699,699,0,0
599,597,0,2
798,797,0,1
598,597,0,1
699,699,0,0
198,3988,0,-3790
98,97,0,1
799,800,0,-1
898,898,0,0
399,400,0,-1
699,400,0,299
198,200,0,-2
699,701,0,-2
98,96,0,2
198,198,0,0
699,699,0,0
299,297,0,2
498,499,0,-1
698,707,0,-9
398,397,0,1
99,99,0,0
899,898,0,1
399,400,0,-1
599,600,0,-1
99,4547,0,-4448
399,399,0,0
198,5726,0,-5528
298,297,0,1
898,400,0,498
299,299,0,0
699,697,0,2
599,597,0,2
498,499,0,-1
399,397,0,2
98,99,0,-1
798,800,0,-2
598,600,0,-2
198,200,0,-2
699,726,0,-27
98,38,0,60
498,499,0,-1
298,297,0,1
198,200,0,-2
298,299,0,-1
98,99,0,-1
698,699,0,-1
399,400,0,-1
698,800,0,-102
499,497,0,2
898,899,0,-1
599,600,0,-1
599,605,0,-6
499,499,0,0
498,497,0,1
298,299,0,-1
699,699,0,0
799,96,0,703
698,699,0,-1
598,600,0,-2
399,397,0,2
499,501,0,-2
598,600,0,-2
398,400,0,-2
798,800,0,-2
399,400,0,-1
498,497,0,1
498,508,0,-10
898,101,0,797
698,699,0,-1
899,800,0,99
698,699,0,-1
698,699,0,-1
498,499,0,-1
898,899,0,-1
98,99,0,-1
898,897,0,1
299,299,0,0
799,797,0,2
199,298,0,-99
699,707,0,-8
698,320,0,378
498,499,0,-1
699,898,0,-199
299,299,0,0
498,477,0,21
398,400,0,-2
399,397,0,2
598,600,0,-2
398,400,0,-2
899,897,0,2
498,499,0,-1
598,600,0,-2
698,898,0,-200
299,299,0,0
698,697,0,1
299,297,0,2
398,400,0,-2
498,498,0,0
298,299,0,-1
198,200,0,-2
798,800,0,-2
198,198,0,0
699,641,0,58
198,200,0,-2
498,497,0,1
398,397,0,1
499,499,0,0
198,197,0,1
199,200,0,-1
99,99,0,0
98,99,0,-1
299,299,0,0
698,699,0,-1
698,699,0,-1
298,299,0,-1
198,200,0,-2
298,299,0,-1
98,200,0,-102
399,400,0,-1
498,499,0,-1
799,797,0,2
399,399,0,0
898,899,0,-1
299,299,0,0
199,200,0,-1
498,499,0,-1
899,897,0,2
98,99,0,-1
898,897,0,1
499,4480,0,-3981
99,99,0,0
898,899,0,-1
898,907,0,-9
898,897,0,1
398,431,0,-33
598,597,0,1
899,899,0,0
199,197,0,2
498,499,0,-1
499,499,0,0
199,200,0,-1
198,200,0,-2
198,198,0,0
398,397,0,1
499,499,0,0
299,96,0,203
698,689,0,9
299,3878,0,-3579
98,97,0,1
99,3018,0,-2919
899,498,0,401
699,699,0,0
698,699,0,-1
499,497,0,2
598,600,0,-2
399,400,0,-1
698,701,0,-3
399,400,0,-1
299,200,0,99
399,397,0,2
798,1912,0,-1114
799,797,0,2
799,800,0,-1
199,200,0,-1
398,397,0,1
298,299,0,-1
99,99,0,0
898,899,0,-1
198,197,0,1
799,800,0,-1
199,198,0,1
399,400,0,-1
798,797,0,1
99,297,0,-198
98,99,0,-1
399,400,0,-1
499,498,0,1
498,499,0,-1
199,200,0,-1
799,800,0,-1
899,899,0,0
399,397,0,2
198,200,0,-2
498,497,0,1
98,99,0,-1
499,499,0,0
699,2108,0,-1409
498,497,0,1
599,595,0,4
198,195,0,3
98,99,0,-1
899,899,0,0
499,499,0,0
698,697,0,1
798,797,0,1
599,198,0,401
499,499,0,0
399,400,0,-1
498,299,0,199
199,200,0,-1
698,707,0,-9
198,301,0,-103
199,197,0,2
799,800,0,-1
798,800,0,-2
499,499,0,0
698,198,0,500
98,99,0,-1
799,805,0,-6
99,99,0,0
98,99,0,-1
698,400,0,298
699,697,0,2
498,598,0,-100
99,97,0,2
299,198,0,101
899,907,0,-8
398,397,0,1
399,397,0,2
799,697,0,102
898,908,0,-10
99,99,0,0
498,496,0,2
499,499,0,0
498,497,0,1
399,397,0,2
399,394,0,5
199,200,0,-1
698,697,0,1
698,805,0,-107
798,800,0,-2
799,800,0,-1
298,301,0,-3
699,5597,0,-4898
898,897,0,1
599,598,0,1
599,600,0,-1
599,600,0,-1
699,699,0,0
298,297,0,1
499,499,0,0
298,297,0,1
599,600,0,-1
98,99,0,-1
98,99,0,-1
798,797,0,1
199,200,0,-1
399,397,0,2
699,699,0,0
799,840,0,-41
198,200,0,-2
898,899,0,-1
498,400,0,98
499,499,0,0
598,597,0,1
99,99,0,0
198,440,0,-242
299,299,0,0
898,897,0,1
299,299,0,0
99,99,0,0
198,200,0,-2
398,397,0,1
599,597,0,2
799,800,0,-1
298,299,0,-1
199,200,0,-1
498,499,0,-1
99,99,0,0
598,600,0,-2
99,99,0,0
699,699,0,0
599,597,0,2
198,200,0,-2
699,699,0,0
499,498,0,1
899,899,0,0
798,797,0,1
898,899,0,-1
798,800,0,-2
599,600,0,-1
899,899,0,0
899,877,0,22
799,,,
899,899,0,0
898,899,0,-1
99,99,0,0
398,397,0,1
299,297,0,2
398,,,
699,699,0,0
99,99,0,0
98,99,0,-1
498,499,0,-1
399,397,0,2
698,699,0,-1
198,200,0,-2
699,699,0,0
698,699,0,-1
798,800,0,-2
398,400,0,-2
798,797,0,1
498,497,0,1
198,200,0,-2
199,200,0,-1
299,299,0,0
799,797,0,2
599,600,0,-1
99,99,0,0
298,3497,0,-3199
699,699,0,0
398,400,0,-2
299,299,0,0
799,800,0,-1
98,2792,0,-2694
898,899,0,-1
899,897,0,2
699,699,0,0
98,398,0,-300
898,899,0,-1
699,699,0,0
298,296,0,2
898,990,0,-92
599,398,0,201
198,200,0,-2
499,497,0,2
599,600,0,-1
898,899,0,-1
499,497,0,2
599,597,0,2
299,299,0,0
799,797,0,2
699,697,0,2
398,397,0,1
699,699,0,0
98,99,0,-1
99,99,0,0
398,397,0,1
298,200,0,98
299,299,0,0
798,797,0,1
398,397,0,1
599,597,0,2
599,597,0,2
799,800,0,-1
599,597,0,2
99,96,0,3
798,697,0,101
98,202,0,-104
598,600,0,-2
299,296,0,3
299,299,0,0
499,499,0,0
399,400,0,-1
298,296,0,2
99,99,0,0
398,400,0,-2
198,200,0,-2
799,497,0,302
398,397,0,1
399,400,0,-1
799,800,0,-1
399,397,0,2
299,297,0,2
898,899,0,-1
399,397,0,2
799,798,0,1
599,597,0,2
199,197,0,2
598,597,0,1
399,397,0,2
199,197,0,2
499,,,
398,397,0,1
699,697,0,2
599,600,0,-1
399,400,0,-1
798,797,0,1
898,899,0,-1
898,697,0,201
798,800,0,-2
198,200,0,-2
499,,,
599,697,0,-98
399,400,0,-1
498,499,0,-1
698,697,0,1
398,397,0,1
398,397,0,1
198,5197,0,-4999
699,697,0,2
499,499,0,0
898,899,0,-1
398,400,0,-2
598,597,0,1
699,699,0,0
498,297,0,201
199,197,0,2
398,400,0,-2
199,200,0,-1
498,497,0,1
98,97,0,1
499,499,0,0
399,403,0,-4
498,511,0,-13
298,297,0,1
899,3800,0,-2901
899,899,0,0
898,588,0,310
298,299,0,-1
299,234,0,65
198,200,0,-2
399,400,0,-1
98,97,0,1
299,299,0,0
498,499,0,-1
598,594,0,4
899,897,0,2
699,3357,0,-2658
98,99,0,-1
99,99,0,0
899,899,0,0
399,400,0,-1
498,497,0,1
198,197,0,1
598,600,0,-2
698,697,0,1
98,96,0,2
399,400,0,-1
499,497,0,2
899,697,0,202
98,99,0,-1
898,899,0,-1
98,97,0,1
99,191,0,-92
198,197,0,1
498,497,0,1
699,707,0,-8
399,397,0,2
799,800,0,-1
698,697,0,1
198,,,
299,298,0,1
299,320,0,-21
599,597,0,2
299,297,0,2
899,897,0,2
99,99,0,0
198,197,0,1
298,297,0,1
198,200,0,-2
898,899,0,-1
198,197,0,1
99,97,0,2
499,5715,0,-5216
199,197,0,2
398,400,0,-2
899,897,0,2
99,1308,0,-1209
199,200,0,-1
99,99,0,0
299,299,0,0
698,699,0,-1
698,699,0,-1
698,697,0,1
298,299,0,-1
198,200,0,-2
298,400,0,-102
98,99,0,-1
498,499,0,-1
498,499,0,-1
699,701,0,-2
98,,,
899,897,0,2
399,400,0,-1
99,97,0,2
98,101,0,-3
99,99,0,0
498,499,0,-1
299,299,0,0
599,597,0,2
199,200,0,-1
698,697,0,1
598,697,0,-99
799,800,0,-1
98,99,0,-1
899,3430,0,-2531
398,400,0,-2
798,797,0,1
198,197,0,1
299,297,0,2
199,200,0,-1
698,5027,0,-4329
699,697,0,2
99,99,0,0
599,600,0,-1
898,897,0,1
98,5509,0,-5411
399,400,0,-1
298,4880,0,-4582
699,699,0,0
598,591,0,7
598,600,0,-2
198,197,0,1
599,600,0,-1
599,597,0,2
298,298,0,0
99,99,0,0
398,400,0,-2
298,299,0,-1
398,398,0,0
498,499,0,-1
98,99,0,-1
398,397,0,1
99,101,0,-2
699,699,0,0
798,800,0,-2
899,889,0,10
899,899,0,0
98,98,0,0
499,499,0,0
598,597,0,1
299,299,0,0
698,699,0,-1
399,400,0,-1
199,296,0,-97
799,800,0,-1
699,699,0,0
98,97,0,1
699,296,0,403
899,897,0,2
298,296,0,2
399,397,0,2
898,902,0,-4
598,600,0,-2
299,299,0,0
599,600,0,-1
899,899,0,0
699,699,0,0
899,,,
598,600,0,-2
299,297,0,2
298,299,0,-1
198,200,0,-2
798,5307,0,-4509
98,99,0,-1
299,299,0,0
599,597,0,2
99,98,0,1
798,805,0,-7
299,299,0,0
399,400,0,-1
98,394,0,-296
499,497,0,2
399,400,0,-1
399,400,0,-1
499,499,0,0
399,397,0,2
599,597,0,2
98,99,0,-1
299,299,0,0
799,797,0,2
299,299,0,0
399,5538,0,-5139
99,3837,0,-3738
899,,,
699,699,0,0
698,697,0,1
199,5588,0,-5389
198,200,0,-2
799,800,0,-1
399,400,0,-1
699,699,0,0
298,200,0,98
799,800,0,-1
598,600,0,-2
398,402,0,-4
799,800,0,-1
199,200,0,-1
198,200,0,-2
599,597,0,2
698,697,0,1
699,697,0,2
198,101,0,97
98,97,0,1
199,197,0,2
599,600,0,-1
899,899,0,0
698,697,0,1
498,497,0,1
399,397,0,2
698,197,0,501
898,899,0,-1
498,497,0,1
699,699,0,0
598,600,0,-2
898,899,0,-1
98,200,0,-102
899,899,0,0
298,299,0,-1
198,200,0,-2
498,499,0,-1
299,299,0,0
398,397,0,1
98,99,0,-1
898,898,0,0
798,797,0,1
798,5432,0,-4634
598,600,0,-2
298,299,0,-1
699,701,0,-2
698,697,0,1
498,499,0,-1
599,599,0,0
499,499,0,0
798,797,0,1
699,697,0,2
298,200,0,98
298,299,0,-1
498,497,0,1
299,297,0,2
599,5400,0,-4801
398,400,0,-2
898,899,0,-1
399,405,0,-6
899,597,0,302
799,797,0,2
599,597,0,2
98,86,0,12
198,197,0,1
99,99,0,0
799,797,0,2
198,191,0,7
199,200,0,-1
898,899,0,-1
698,697,0,1
499,499,0,0
499,499,0,0
798,800,0,-2
899,4298,0,-3399
398,397,0,1
699,699,0,0
298,297,0,1
398,397,0,1
799,296,0,503
599,600,0,-1
299,299,0,0
99,99,0,0
399,400,0,-1
198,200,0,-2
198,197,0,1
199,197,0,2
798,797,0,1
99,86,0,13
398,399,0,-1
98,99,0,-1
199,197,0,2
598,597,0,1
99,257,0,-158
498,499,0,-1
198,4749,0,-4551
598,597,0,1
798,797,0,1
598,600,0,-2
198,200,0,-2
898,897,0,1
198,197,0,1
799,797,0,2
199,200,0,-1
798,797,0,1
598,600,0,-2
198,197,0,1
699,502,0,197
499,499,0,0
399,397,0,2
99,501,0,-402
699,800,0,-101
898,899,0,-1
298,299,0,-1
698,699,0,-1
899,899,0,0
899,897,0,2
899,897,0,2
699,701,0,-2
699,697,0,2
299,299,0,0
99,99,0,0
398,397,0,1
598,597,0,1
899,600,0,299
698,697,0,1
99,99,0,0
799,797,0,2
698,698,0,0
298,299,0,-1
799,797,0,2
599,601,0,-2
498,,,
698,699,0,-1
798,797,0,1
298,299,0,-1
98,97,0,1
499,499,0,0
499,497,0,2
898,907,0,-9
798,726,0,72
298,296,0,2
498,497,0,1
699,699,0,0
198,200,0,-2
398,400,0,-2
399,391,0,8
499,496,0,3
399,400,0,-1
199,200,0,-1
798,760,0,38
98,97,0,1
599,598,0,1
499,400,0,99
699,699,0,0
499,499,0,0
99,97,0,2
699,699,0,0
598,600,0,-2
898,899,0,-1
198,197,0,1
398,698,0,-300
898,899,0,-1
99,297,0,-198
699,699,0,0
498,498,0,0
499,497,0,2
499,497,0,2
299,299,0,0
199,200,0,-1
399,400,0,-1
398,400,0,-2
499,497,0,2
498,499,0,-1
199,197,0,2
899,899,0,0
798,797,0,1
699,699,0,0
598,400,0,198
899,897,0,2
699,699,0,0
799,800,0,-1
298,297,0,1
399,397,0,2
199,97,0,102
298,299,0,-1
799,797,0,2
699,697,0,2
199,296,0,-97
98,99,0,-1
398,700,0,-302
898,897,0,1
899,899,0,0
598,600,0,-2
498,499,0,-1
598,597,0,1
98,99,0,-1
399,400,0,-1
198,199,0,-1
398,399,0,-1
898,899,0,-1
699,699,0,0
698,699,0,-1
598,597,0,1
199,200,0,-1
299,304,0,-5
798,697,0,101
898,899,0,-1
798,797,0,1
499,497,0,2
299,299,0,0
199,,,
199,197,0,2
898,899,0,-1
899,899,0,0
199,197,0,2
599,597,0,2
498,499,0,-1
99,4000,0,-3901
699,697,0,2
198,197,0,1
198,200,0,-2
499,499,0,0
598,598,0,0
198,200,0,-2
298,299,0,-1
599,497,0,102
398,400,0,-2
499,497,0,2
599,600,0,-1
898,907,0,-9
799,800,0,-1
298,299,0,-1
698,699,0,-1
98,3714,0,-3616
899,899,0,0
198,197,0,1
499,499,0,0
199,199,0,0
98,97,0,1
198,200,0,-2
898,899,0,-1
198,200,0,-2
898,899,0,-1
798,797,0,1
499,497,0,2
499,605,0,-106
398,501,0,-103
99,99,0,0
298,299,0,-1
698,699,0,-1
698,697,0,1
899,960,0,-61
698,699,0,-1
699,699,0,0
899,898,0,1
799,501,0,298
199,4957,0,-4758
898,897,0,1
199,200,0,-1
199,197,0,2
198,200,0,-2
498,5230,0,-4732
699,697,0,2
499,499,0,0
199,200,0,-1
798,797,0,1
598,599,0,-1
899,897,0,2
799,800,0,-1
299,295,0,4
399,400,0,-1
799,797,0,2
899,897,0,2
899,899,0,0
98,99,0,-1
899,899,0,0
499,498,0,1
499,497,0,2
98,99,0,-1
698,698,0,0
199,200,0,-1
798,800,0,-2
399,398,0,1
99,96,0,3
899,899,0,0
699,699,0,0
599,597,0,2
799,800,0,-1
699,200,0,499
198,197,0,1
598,600,0,-2
98,99,0,-1
299,297,0,2
298,299,0,-1
399,397,0,2
698,699,0,-1
698,800,0,-102
898,899,0,-1
898,897,0,1
698,697,0,1
298,297,0,1
699,699,0,0
598,597,0,1
499,499,0,0
298,299,0,-1
898,899,0,-1
399,397,0,2
98,98,0,0
299,299,0,0
198,200,0,-2
598,600,0,-2
198,200,0,-2
298,405,0,-107
399,400,0,-1
398,400,0,-2
799,501,0,298
399,400,0,-1
699,697,0,2
798,5188,0,-4390
499,697,0,-198
899,897,0,2
498,499,0,-1
598,598,0,0
398,397,0,1
598,600,0,-2
199,200,0,-1
298,4840,0,-4542
99,1640,0,-1541
98,99,0,-1
299,299,0,0
199,200,0,-1
398,4430,0,-4032
899,899,0,0
498,497,0,1
498,499,0,-1
399,1317,0,-918
898,899,0,-1
498,499,0,-1
899,897,0,2
499,495,0,4
398,400,0,-2
898,899,0,-1
799,797,0,2
98,99,0,-1
798,805,0,-7
599,649,0,-50
799,797,0,2
199,197,0,2
98,99,0,-1
699,699,0,0
898,899,0,-1
599,600,0,-1
598,600,0,-2
699,699,0,0
499,499,0,0
799,800,0,-1
298,698,0,-400
199,197,0,2
799,898,0,-99
99,97,0,2
399,96,0,303
898,907,0,-9
99,97,0,2
399,400,0,-1
698,699,0,-1
699,707,0,-8
599,600,0,-1
598,600,0,-2
99,97,0,2
899,898,0,1
898,899,0,-1
699,699,0,0
398,397,0,1
898,899,0,-1
599,597,0,2
199,200,0,-1
698,697,0,1
298,297,0,1
699,699,0,0
499,499,0,0
299,400,0,-101
598,597,0,1
298,297,0,1
398,397,0,1
98,898,0,-800
798,800,0,-2
398,398,0,0
198,197,0,1
499,499,0,0
299,299,0,0
599,600,0,-1
98,99,0,-1
398,400,0,-2
498,497,0,1
98,200,0,-102
498,497,0,1
399,400,0,-1
199,197,0,2
599,597,0,2
598,597,0,1
199,200,0,-1
498,499,0,-1
798,200,0,598
98,99,0,-1
498,497,0,1
299,297,0,2
298,101,0,197
198,197,0,1
599,594,0,5
498,499,0,-1
98,301,0,-203
598,600,0,-2
399,397,0,2
799,797,0,2
399,397,0,2
799,800,0,-1
399,400,0,-1
599,600,0,-1
498,499,0,-1
399,400,0,-1
99,97,0,2
799,501,0,298
699,697,0,2
398,397,0,1
499,497,0,2
599,597,0,2
299,299,0,0
499,400,0,99
598,597,0,1
599,600,0,-1
899,897,0,2
599,597,0,2
99,5068,0,-4969
499,499,0,0
99,151,0,-52
499,499,0,0
298,299,0,-1
799,797,0,2
898,888,0,10
399,397,0,2
99,120,0,-21
798,799,0,-1
299,299,0,0
199,200,0,-1
499,499,0,0
498,200,0,298
599,600,0,-1
499,206,0,293
699,698,0,1
98,99,0,-1
198,200,0,-2
99,99,0,0
298,299,0,-1
299,299,0,0
698,697,0,1
198,196,0,2
599,600,0,-1
498,5320,0,-4822
299,301,0,-2
698,697,0,1
399,397,0,2
198,200,0,-2
298,298,0,0
98,99,0,-1
599,600,0,-1
698,697,0,1
599,600,0,-1
298,299,0,-1
298,299,0,-1
798,800,0,-2
899,898,0,1
198,297,0,-99
498,501,0,-3
398,399,0,-1
198,197,0,1
698,1000,0,-302
899,899,0,0
399,898,0,-499
699,699,0,0
899,899,0,0
399,397,0,2
499,898,0,-399
99,99,0,0
699,598,0,101
899,5080,0,-4181
798,698,0,100
798,797,0,1
598,597,0,1
199,197,0,2
399,397,0,2
898,899,0,-1
898,899,0,-1
899,897,0,2
499,497,0,2
199,200,0,-1
199,200,0,-1
98,99,0,-1
698,699,0,-1
99,96,0,3
98,501,0,-403
199,200,0,-1
399,400,0,-1
898,899,0,-1
899,880,0,19
598,597,0,1
799,797,0,2
298,299,0,-1
598,600,0,-2
198,200,0,-2
398,197,0,201
799,797,0,2
298,299,0,-1
199,200,0,-1
199,200,0,-1
598,697,0,-99
898,899,0,-1
499,497,0,2
799,800,0,-1
699,699,0,0
899,897,0,2
899,899,0,0
598,606,0,-8
699,714,0,-15
298,5301,0,-5003
498,499,0,-1
199,298,0,-99
498,499,0,-1
298,299,0,-1
199,197,0,2
698,699,0,-1
299,298,0,1
699,699,0,0
598,600,0,-2
699,697,0,2
898,898,0,0
199,197,0,2
699,697,0,2
898,597,0,301
99,96,0,3
699,698,0,1
599,597,0,2
399,400,0,-1
299,299,0,0
899,897,0,2
499,96,0,403
799,797,0,2
199,197,0,2
898,897,0,1
498,497,0,1
298,299,0,-1
199,197,0,2
199,200,0,-1
898,899,0,-1
399,397,0,2
798,797,0,1
398,397,0,1
299,297,0,2
798,797,0,1
298,400,0,-102
699,1387,0,-688
798,629,0,169
298,297,0,1
798,2828,0,-2030
498,499,0,-1
299,297,0,2
398,400,0,-2
98,99,0,-1
199,200,0,-1
499,600,0,-101
298,299,0,-1
498,499,0,-1
99,99,0,0
398,397,0,1
399,397,0,2
399,397,0,2
899,898,0,1
799,800,0,-1
698,699,0,-1
799,797,0,2
599,600,0,-1
598,598,0,0
898,899,0,-1
498,497,0,1
199,4428,0,-4229
798,799,0,-1
899,899,0,0
898,899,0,-1
399,400,0,-1
298,299,0,-1
399,397,0,2
699,699,0,0
398,400,0,-2
599,600,0,-1
898,897,0,1
299,299,0,0
99,99,0,0
798,800,0,-2
799,791,0,8
898,899,0,-1
98,101,0,-3
698,699,0,-1
898,899,0,-1
799,797,0,2
398,400,0,-2
298,299,0,-1
299,299,0,0
298,5286,0,-4988
899,897,0,2
199,200,0,-1
498,499,0,-1
699,699,0,0
698,301,0,397
899,897,0,2
398,397,0,1
499,497,0,2
299,299,0,0
99,97,0,2
198,200,0,-2
298,297,0,1
299,298,0,1
299,4017,0,-3718
599,597,0,2
698,683,0,15
99,99,0,0
798,797,0,1
898,897,0,1
98,99,0,-1
698,697,0,1
498,499,0,-1
598,600,0,-2
299,299,0,0
398,397,0,1
399,400,0,-1
898,897,0,1
699,699,0,0
398,,,
798,797,0,1
598,597,0,1
698,699,0,-1
798,800,0,-2
198,197,0,1
698,698,0,0
899,899,0,0
798,797,0,1
799,800,0,-1
599,600,0,-1
399,4760,0,-4361
599,849,0,-250
99,97,0,2
799,898,0,-99
599,198,0,401
899,897,0,2
798,797,0,1
99,3520,0,-3421
398,400,0,-2
199,197,0,2
198,197,0,1
398,397,0,1
98,99,0,-1
599,600,0,-1
198,297,0,-99
298,298,0,0
99,99,0,0
499,499,0,0
899,897,0,2
198,197,0,1
798,797,0,1
399,397,0,2
898,899,0,-1
299,898,0,-599
599,697,0,-98
399,398,0,1
698,699,0,-1
498,499,0,-1
299,299,0,0
799,797,0,2
899,800,0,99
598,597,0,1
699,698,0,1
99,99,0,0
698,697,0,1
898,895,0,3
899,897,0,2
899,899,0,0
799,800,0,-1
698,698,0,0
798,497,0,301
598,600,0,-2
798,795,0,3
698,699,0,-1
898,897,0,1
699,699,0,0
798,797,0,1
798,800,0,-2
299,299,0,0
799,800,0,-1
99,3962,0,-3863
799,800,0,-1
99,98,0,1
598,597,0,1
199,200,0,-1
599,597,0,2
198,200,0,-2
299,299,0,0
898,899,0,-1
99,97,0,2
398,400,0,-2
299,299,0,0
899,899,0,0
99,97,0,2
499,497,0,2
598,557,0,41
98,99,0,-1
398,398,0,0
699,699,0,0
798,800,0,-2
299,299,0,0
198,197,0,1
599,597,0,2
398,5510,0,-5112
398,400,0,-2
298,299,0,-1
498,499,0,-1
598,597,0,1
99,97,0,2
199,395,0,-196
799,800,0,-1
799,800,0,-1
398,397,0,1
699,697,0,2
298,297,0,1
799,799,0,0
799,800,0,-1
799,797,0,2
799,800,0,-1
598,597,0,1
298,299,0,-1
898,899,0,-1
498,499,0,-1
899,899,0,0
498,200,0,298
298,299,0,-1
298,299,0,-1
598,597,0,1
599,597,0,2
98,99,0,-1
798,800,0,-2
899,899,0,0
298,297,0,1
599,600,0,-1
299,297,0,2
898,901,0,-3
98,99,0,-1
699,697,0,2
399,,,
599,598,0,1
99,97,0,2
798,600,0,198
99,99,0,0
598,501,0,97
98,99,0,-1
598,697,0,-99
498,501,0,-3
198,197,0,1
899,899,0,0
499,499,0,0
498,497,0,1
899,899,0,0
299,299,0,0
598,597,0,1
898,899,0,-1
98,99,0,-1
298,299,0,-1
598,598,0,0
599,600,0,-1
698,697,0,1
99,99,0,0
399,496,0,-97
898,899,0,-1
498,497,0,1
399,400,0,-1
899,,,
399,400,0,-1
498,499,0,-1
99,97,0,2
298,299,0,-1
899,899,0,0
898,897,0,1
598,600,0,-2
799,800,0,-1
698,296,0,402
799,800,0,-1
898,899,0,-1
699,697,0,2
899,897,0,2
99,400,0,-301
698,707,0,-9
299,299,0,0
798,798,0,0
898,914,0,-16
399,398,0,1
199,,,
599,597,0,2
899,899,0,0
898,897,0,1
899,899,0,0
499,499,0,0
898,899,0,-1
299,297,0,2
398,397,0,1
799,797,0,2
398,397,0,1
699,198,0,501
799,831,0,-32
298,397,0,-99
899,899,0,0
299,299,0,0
599,597,0,2
598,597,0,1
398,397,0,1
298,297,0,1
799,797,0,2
598,600,0,-2
299,497,0,-198
98,99,0,-1
198,200,0,-2
299,299,0,0
798,800,0,-2
599,600,0,-1
699,699,0,0
499,499,0,0
198,200,0,-2
98,99,0,-1
299,497,0,-198
698,699,0,-1
98,99,0,-1
599,597,0,2
599,597,0,2
598,597,0,1
398,397,0,1
198,197,0,1
398,400,0,-2
898,800,0,98
399,398,0,1
298,98,0,200
299,297,0,2
898,897,0,1
899,898,0,1
898,899,0,-1
98,96,0,2
598,600,0,-2
898,907,0,-9
798,4720,0,-3922
498,499,0,-1
698,698,0,0
898,897,0,1
899,899,0,0
398,400,0,-2
898,899,0,-1
198,200,0,-2
698,699,0,-1
298,299,0,-1
498,499,0,-1
799,800,0,-1
98,97,0,1
499,499,0,0
599,600,0,-1
898,899,0,-1
599,600,0,-1
499,501,0,-2
599,600,0,-1
298,299,0,-1
599,600,0,-1
599,598,0,1
99,99,0,0
799,4480,0,-3681
298,299,0,-1
798,600,0,198
399,400,0,-1
698,600,0,98
198,200,0,-2
598,600,0,-2
198,400,0,-202
599,595,0,4
99,120,0,-21
498,496,0,2
899,899,0,0
199,1114,0,-915
498,499,0,-1
898,927,0,-29
898,899,0,-1
199,200,0,-1
499,499,0,0
199,200,0,-1
899,897,0,2
299,299,0,0
898,899,0,-1
799,800,0,-1
298,299,0,-1
599,600,0,-1
399,397,0,2
699,697,0,2
599,597,0,2
98,96,0,2
799,797,0,2
599,600,0,-1
698,699,0,-1
699,699,0,0
798,797,0,1
599,908,0,-309
599,600,0,-1
298,299,0,-1
798,797,0,1
798,800,0,-2
499,497,0,2
899,899,0,0
698,496,0,202
299,299,0,0
99,99,0,0
698,699,0,-1
698,699,0,-1
798,797,0,1
499,4310,0,-3811
598,594,0,4
699,697,0,2
99,99,0,0
299,299,0,0
398,5378,0,-4980
99,99,0,0
98,99,0,-1
299,299,0,0
498,499,0,-1
399,400,0,-1
699,699,0,0
298,299,0,-1
399,400,0,-1
198,200,0,-2
899,897,0,2
698,697,0,1
298,299,0,-1
899,899,0,0
199,200,0,-1
199,198,0,1
799,806,0,-7
299,299,0,0
399,395,0,4
699,699,0,0
699,698,0,1
99,99,0,0
398,397,0,1
199,200,0,-1
799,797,0,2
799,800,0,-1
698,699,0,-1
698,699,0,-1
199,197,0,2
399,400,0,-1
899,899,0,0
798,797,0,1
598,600,0,-2
899,897,0,2
899,899,0,0
599,597,0,2
399,231,0,168
898,899,0,-1
598,600,0,-2
299,497,0,-198
398,400,0,-2
399,397,0,2
299,299,0,0
899,899,0,0
599,597,0,2
99,99,0,0
199,498,0,-299
199,197,0,2
799,800,0,-1
399,400,0,-1
698,805,0,-107
298,299,0,-1
98,99,0,-1
98,99,0,-1
698,697,0,1
98,99,0,-1
899,899,0,0
799,5151,0,-4352
398,400,0,-2
599,597,0,2
699,699,0,0
599,597,0,2
498,499,0,-1
799,797,0,2
299,299,0,0
698,699,0,-1
498,477,0,21
899,897,0,2
398,498,0,-100
98,4910,0,-4812
699,697,0,2
798,797,0,1
498,484,0,14
798,797,0,1
199,197,0,2
198,197,0,1
298,297,0,1
698,697,0,1
298,299,0,-1
199,200,0,-1
398,398,0,0
698,697,0,1
699,720,0,-21
399,399,0,0
499,499,0,0
699,697,0,2
399,400,0,-1
899,899,0,0
598,597,0,1
399,397,0,2
799,800,0,-1
199,200,0,-1
198,197,0,1
799,797,0,2
599,501,0,98
499,497,0,2
198,197,0,1
699,898,0,-199
799,800,0,-1
199,197,0,2
398,497,0,-99
598,597,0,1
899,899,0,0
498,520,0,-22
898,899,0,-1
598,600,0,-2
298,3600,0,-3302
498,497,0,1
299,299,0,0
98,99,0,-1
799,797,0,2
698,794,0,-96
699,640,0,59
899,897,0,2
199,200,0,-1
899,301,0,598
599,600,0,-1
98,96,0,2
498,497,0,1
698,699,0,-1
498,497,0,1
598,2468,0,-1870
899,697,0,202
798,800,0,-2
298,605,0,-307
399,397,0,2
799,797,0,2
698,701,0,-3
699,697,0,2
698,697,0,1
798,800,0,-2
799,800,0,-1
198,200,0,-2
98,108,0,-10
698,699,0,-1
398,400,0,-2
198,200,0,-2
298,299,0,-1
899,948,0,-49
698,699,0,-1
799,797,0,2
298,297,0,1
99,97,0,2
99,99,0,0
899,899,0,0
99,99,0,0
898,34,0,864
398,501,0,-103
899,897,0,2
198,200,0,-2
198,200,0,-2
399,400,0,-1
599,600,0,-1
99,96,0,3
299,301,0,-2
199,197,0,2
199,200,0,-1
299,299,0,0
898,899,0,-1
598,597,0,1
298,299,0,-1
699,697,0,2
598,898,0,-300
699,698,0,1
398,400,0,-2
199,860,0,-661
499,499,0,0
899,920,0,-21
798,797,0,1
799,,,
599,600,0,-1
98,101,0,-3
599,597,0,2
398,397,0,1
598,598,0,0
498,499,0,-1
498,499,0,-1
98,99,0,-1
599,600,0,-1
498,499,0,-1
399,400,0,-1
899,907,0,-8
499,499,0,0
598,606,0,-8
499,499,0,0
298,299,0,-1
298,101,0,197
398,400,0,-2
499,398,0,101
699,697,0,2
799,799,0,0
98,,,
598,597,0,1
298,299,0,-1
498,498,0,0
799,697,0,102
98,97,0,1
598,597,0,1
298,299,0,-1
199,197,0,2
399,397,0,2
598,600,0,-2
599,597,0,2
198,200,0,-2
798,800,0,-2
399,194,0,205
899,899,0,0
198,197,0,1
99,897,0,-798
198,197,0,1
598,897,0,-299
199,197,0,2
599,600,0,-1
798,800,0,-2
499,800,0,-301
798,800,0,-2
199,200,0,-1
299,297,0,2
99,99,0,0
299,299,0,0
498,499,0,-1
599,591,0,8
99,99,0,0
199,197,0,2
299,200,0,99
498,498,0,0
499,499,0,0
398,400,0,-2
799,800,0,-1
799,805,0,-6
499,499,0,0
99,98,0,1
699,699,0,0
698,698,0,0
398,400,0,-2
199,197,0,2
798,800,0,-2
198,200,0,-2
798,800,0,-2
799,797,0,2
99,98,0,1
498,499,0,-1
698,699,0,-1
299,299,0,0
599,600,0,-1
599,597,0,2
499,498,0,1
299,299,0,0
698,699,0,-1
899,897,0,2
199,197,0,2
599,600,0,-1
699,699,0,0
299,299,0,0
699,699,0,0
598,597,0,1
899,899,0,0
299,296,0,3
699,699,0,0
799,800,0,-1
498,499,0,-1
799,805,0,-6
198,200,0,-2
299,299,0,0
898,957,0,-59
598,600,0,-2
98,99,0,-1
698,699,0,-1
498,501,0,-3
298,299,0,-1
299,297,0,2
799,501,0,298
98,96,0,2
99,99,0,0
399,397,0,2
498,499,0,-1
899,897,0,2
198,195,0,3
798,800,0,-2
798,205,0,593
798,797,0,1
398,397,0,1
399,400,0,-1
499,497,0,2
299,299,0,0
498,499,0,-1
498,499,0,-1
899,899,0,0
599,597,0,2
799,797,0,2
198,197,0,1
499,499,0,0
498,497,0,1
598,597,0,1
198,1248,0,-1050
899,899,0,0
699,697,0,2
898,908,0,-10
499,499,0,0
199,200,0,-1
398,400,0,-2
598,600,0,-2
899,899,0,0
199,200,0,-1
199,200,0,-1
199,200,0,-1
798,800,0,-2
798,797,0,1
898,897,0,1
199,197,0,2
99,97,0,2
298,299,0,-1
498,1514,0,-1016
499,499,0,0
299,299,0,0
699,699,0,0
298,297,0,1
698,697,0,1
698,699,0,-1
399,400,0,-1
99,99,0,0
698,699,0,-1
399,400,0,-1
199,197,0,2
498,400,0,98
98,99,0,-1
99,98,0,1
498,499,0,-1
898,901,0,-3
499,497,0,2
399,400,0,-1
899,899,0,0
498,499,0,-1
898,897,0,1
399,397,0,2
699,697,0,2
799,800,0,-1
299,,,
698,697,0,1
199,200,0,-1
799,797,0,2
799,797,0,2
199,200,0,-1
899,897,0,2
398,447,0,-49
198,197,0,1
799,797,0,2
899,897,0,2
98,99,0,-1
599,600,0,-1
699,699,0,0
898,899,0,-1
99,97,0,2
499,499,0,0
899,899,0,0
299,299,0,0
198,200,0,-2
499,498,0,1
198,197,0,1
299,497,0,-198
299,299,0,0
498,499,0,-1
298,299,0,-1
399,397,0,2
299,299,0,0
498,499,0,-1
798,800,0,-2
198,200,0,-2
199,200,0,-1
299,397,0,-98
599,600,0,-1
398,400,0,-2
799,797,0,2
698,699,0,-1
299,299,0,0
398,397,0,1
298,299,0,-1
198,,,
899,897,0,2
299,299,0,0
298,297,0,1
599,597,0,2
599,600,0,-1
399,397,0,2
398,442,0,-44
799,797,0,2
298,297,0,1
99,101,0,-2
99,99,0,0
499,498,0,1
899,898,0,1
598,597,0,1
399,4086,0,-3687
499,501,0,-2
98,97,0,1
199,5440,0,-5241
599,597,0,2
98,99,0,-1
499,507,0,-8
798,800,0,-2
599,,,
899,899,0,0
699,697,0,2
299,298,0,1
798,501,0,297
298,299,0,-1
199,194,0,5
199,270,0,-71
298,299,0,-1
598,190,0,408
598,597,0,1
98,99,0,-1
198,200,0,-2
799,800,0,-1
98,99,0,-1
598,594,0,4
898,899,0,-1
799,797,0,2
298,297,0,1
899,897,0,2
199,200,0,-1
99,97,0,2
98,99,0,-1
698,701,0,-3
498,497,0,1
898,899,0,-1
398,400,0,-2
199,200,0,-1
898,897,0,1
99,2358,0,-2259
398,400,0,-2
698,699,0,-1
398,397,0,1
298,296,0,2
898,899,0,-1
698,699,0,-1
599,600,0,-1
99,99,0,0
898,899,0,-1
399,898,0,-499
399,400,0,-1
98,99,0,-1
599,597,0,2
899,899,0,0
799,698,0,101
98,97,0,1
698,699,0,-1
99,99,0,0
799,877,0,-78
698,397,0,301
599,597,0,2
398,397,0,1
699,699,0,0
99,99,0,0
899,899,0,0
498,501,0,-3
299,299,0,0
698,697,0,1
798,800,0,-2
899,898,0,1
398,397,0,1
498,499,0,-1
698,697,0,1
298,299,0,-1
798,,,
298,295,0,3
899,899,0,0
698,699,0,-1
98,99,0,-1
398,400,0,-2
598,553,0,45
798,797,0,1
399,397,0,2
499,4418,0,-3919
99,99,0,0
299,299,0,0
199,200,0,-1
398,400,0,-2
198,97,0,101
99,96,0,3
199,200,0,-1
599,597,0,2
498,697,0,-199
499,497,0,2
498,498,0,0
98,99,0,-1
799,800,0,-1
698,699,0,-1
398,397,0,1
399,397,0,2
399,397,0,2
699,697,0,2
498,499,0,-1
498,499,0,-1
698,699,0,-1
798,800,0,-2
699,697,0,2
699,1948,0,-1249
698,699,0,-1
599,600,0,-1
799,797,0,2
199,200,0,-1
898,897,0,1
498,497,0,1
799,795,0,4
198,197,0,1
298,297,0,1
598,597,0,1
498,499,0,-1
698,697,0,1
898,905,0,-7
299,299,0,0
298,299,0,-1
799,797,0,2
499,497,0,2
298,947,0,-649
499,5120,0,-4621
698,699,0,-1
599,600,0,-1
398,397,0,1
99,100,0,-1
298,,,
99,97,0,2
98,99,0,-1
799,800,0,-1
499,499,0,0
598,497,0,101
498,499,0,-1
398,397,0,1
499,499,0,0
198,197,0,1
398,400,0,-2
98,98,0,0
98,99,0,-1
599,597,0,2
199,197,0,2
798,800,0,-2
799,800,0,-1
198,200,0,-2
399,400,0,-1
398,400,0,-2
899,888,0,11
698,697,0,1
498,499,0,-1
99,96,0,3
798,800,0,-2
598,597,0,1
299,299,0,0
99,99,0,0
99,99,0,0
199,200,0,-1
598,600,0,-2
399,397,0,2
198,200,0,-2
99,96,0,3
298,299,0,-1
499,501,0,-2
299,299,0,0
899,899,0,0
198,200,0,-2
99,99,0,0
99,99,0,0
899,897,0,2
398,400,0,-2
199,200,0,-1
599,600,0,-1
299,299,0,0
299,299,0,0
798,800,0,-2
899,899,0,0
698,701,0,-3
698,699,0,-1
698,699,0,-1
898,899,0,-1
198,296,0,-98
499,497,0,2
599,606,0,-7
699,697,0,2
498,499,0,-1
799,798,0,1
199,197,0,2
698,699,0,-1
899,899,0,0
298,299,0,-1
799,800,0,-1
699,800,0,-101
598,597,0,1
398,397,0,1
199,197,0,2
399,397,0,2
398,397,0,1
299,299,0,0
599,597,0,2
499,,,
898,901,0,-3
399,400,0,-1
199,200,0,-1
899,899,0,0
799,800,0,-1
798,,,
698,699,0,-1
399,400,0,-1
199,197,0,2
99,97,0,2
398,2352,0,-1954
698,699,0,-1
598,600,0,-2
698,699,0,-1
398,400,0,-2
798,800,0,-2
98,99,0,-1
698,699,0,-1
398,397,0,1
698,898,0,-200
898,203,0,695
698,697,0,1
698,707,0,-9
799,501,0,298
99,101,0,-2
399,397,0,2
498,499,0,-1
399,400,0,-1
198,200,0,-2
399,4350,0,-3951
598,600,0,-2
98,97,0,1
198,200,0,-2
98,99,0,-1
199,200,0,-1
299,299,0,0
98,5357,0,-5259
198,497,0,-299
399,400,0,-1
99,99,0,0
499,501,0,-2
399,397,0,2
199,197,0,2
898,749,0,149
698,301,0,397
499,499,0,0
599,600,0,-1
699,699,0,0
899,898,0,1
598,597,0,1
198,199,0,-1
99,99,0,0
299,299,0,0
98,99,0,-1
599,698,0,-99
199,898,0,-699
799,797,0,2
398,397,0,1
199,197,0,2
399,397,0,2
299,297,0,2
599,597,0,2
798,800,0,-2
99,99,0,0
899,899,0,0
598,600,0,-2
198,197,0,1
699,600,0,99
199,194,0,5
98,96,0,2
299,299,0,0
599,600,0,-1
198,205,0,-7
399,397,0,2
798,791,0,7
498,4840,0,-4342
399,397,0,2
799,800,0,-1
298,97,0,201
698,699,0,-1
899,905,0,-6
698,699,0,-1
898,897,0,1
198,200,0,-2
899,899,0,0
298,297,0,1
899,899,0,0
798,800,0,-2
99,99,0,0
98,99,0,-1
98,107,0,-9
598,600,0,-2
399,400,0,-1
498,,,
599,600,0,-1
698,701,0,-3
99,101,0,-2
898,891,0,7
798,800,0,-2
898,898,0,0
398,398,0,0
99,96,0,3
299,897,0,-598
498,497,0,1
599,600,0,-1
899,897,0,2
898,920,0,-22
598,597,0,1
198,197,0,1
898,899,0,-1
299,400,0,-101
99,98,0,1
98,99,0,-1
898,899,0,-1
698,699,0,-1
399,397,0,2
699,720,0,-21
699,699,0,0
99,97,0,2
698,1113,0,-415
798,797,0,1
899,899,0,0
698,697,0,1
99,97,0,2
499,5390,0,-4891
398,400,0,-2
798,797,0,1
398,397,0,1
699,499,0,200
699,699,0,0
899,897,0,2
299,,,
799,897,0,-98
899,907,0,-8
98,99,0,-1
499,499,0,0
98,99,0,-1
498,499,0,-1
698,699,0,-1
798,797,0,1
399,397,0,2
499,497,0,2
298,299,0,-1
298,297,0,1
99,99,0,0
198,197,0,1
699,699,0,0
98,99,0,-1
898,899,0,-1
799,698,0,101
98,97,0,1
298,298,0,0
198,200,0,-2
198,200,0,-2
198,197,0,1
798,800,0,-2
898,899,0,-1
198,200,0,-2
599,600,0,-1
598,597,0,1
698,698,0,0
399,398,0,1
798,800,0,-2
899,957,0,-58
299,,,
198,3907,0,-3709
599,600,0,-1
98,99,0,-1
599,600,0,-1
199,197,0,2
299,297,0,2
399,496,0,-97
899,897,0,2
699,699,0,0
599,597,0,2
899,899,0,0
298,299,0,-1
199,197,0,2
899,899,0,0
799,800,0,-1
399,397,0,2
198,200,0,-2
599,599,0,0
498,499,0,-1
198,200,0,-2
898,897,0,1
898,899,0,-1
199,200,0,-1
698,600,0,98
299,200,0,99
798,800,0,-2
199,197,0,2
199,197,0,2
98,99,0,-1
698,699,0,-1
299,299,0,0
298,299,0,-1
799,907,0,-108
599,597,0,2
598,597,0,1
599,597,0,2
98,96,0,2
398,397,0,1
898,883,0,15
899,899,0,0
99,99,0,0
898,920,0,-22
799,797,0,2
99,98,0,1
298,697,0,-399
698,699,0,-1
498,499,0,-1
898,899,0,-1
298,497,0,-199
399,397,0,2
99,99,0,0
298,299,0,-1
699,699,0,0
598,597,0,1
898,897,0,1
199,200,0,-1
898,899,0,-1
498,600,0,-102
199,197,0,2
398,399,0,-1
898,899,0,-1
699,697,0,2
699,697,0,2
499,400,0,99
298,299,0,-1
498,499,0,-1
799,797,0,2
298,297,0,1
198,197,0,1
499,499,0,0
498,499,0,-1
699,699,0,0
399,398,0,1
498,499,0,-1
298,,,
799,800,0,-1
899,899,0,0
199,197,0,2
498,499,0,-1
898,899,0,-1
599,600,0,-1
498,499,0,-1
599,501,0,98
299,297,0,2
699,699,0,0
899,897,0,2
499,497,0,2
199,200,0,-1
698,600,0,98
598,597,0,1
198,197,0,1
98,99,0,-1
99,97,0,2
298,297,0,1
98,198,0,-100
899,874,0,25
398,397,0,1
198,197,0,1
299,299,0,0
199,200,0,-1
99,97,0,2
599,600,0,-1
698,699,0,-1
699,697,0,2
299,299,0,0
899,895,0,4
199,197,0,2
99,99,0,0
598,597,0,1
299,327,0,-28
599,597,0,2
498,499,0,-1
698,697,0,1
798,801,0,-3
598,597,0,1
399,698,0,-299
699,701,0,-2
699,697,0,2
198,299,0,-101
499,499,0,0
599,597,0,2
498,499,0,-1
898,857,0,41
99,98,0,1
498,499,0,-1
298,299,0,-1
898,96,0,802
99,99,0,0
498,498,0,0
299,297,0,2
798,797,0,1
799,797,0,2
98,96,0,2
98,99,0,-1
699,707,0,-8
699,699,0,0
699,699,0,0
399,397,0,2
299,299,0,0
398,398,0,0
599,597,0,2
899,897,0,2
398,397,0,1
499,499,0,0
199,496,0,-297
499,499,0,0
798,797,0,1
798,461,0,337
699,697,0,2
799,800,0,-1
498,497,0,1
298,296,0,2
399,299,0,100
499,499,0,0
899,899,0,0
199,200,0,-1
99,99,0,0
699,501,0,198
98,197,0,-99
898,899,0,-1
899,920,0,-21
899,899,0,0
798,797,0,1
499,499,0,0
198,200,0,-2
798,97,0,701
898,897,0,1
299,299,0,0
898,897,0,1
598,597,0,1
898,879,0,19
298,304,0,-6
798,849,0,-51
398,397,0,1
699,699,0,0
599,597,0,2
499,499,0,0
299,297,0,2
598,96,0,502
799,,,
798,800,0,-2
799,800,0,-1
299,,,
798,797,0,1
598,597,0,1
598,597,0,1
199,197,0,2
798,897,0,-99
498,497,0,1
698,699,0,-1
598,600,0,-2
698,699,0,-1
698,697,0,1
198,197,0,1
598,697,0,-99
898,899,0,-1
499,499,0,0
699,699,0,0
799,797,0,2
598,597,0,1
598,599,0,-1
699,699,0,0
299,4640,0,-4341
599,600,0,-1
899,899,0,0
399,405,0,-6
598,3267,0,-2669
399,397,0,2
99,4600,0,-4501
899,899,0,0
898,897,0,1
598,697,0,-99
499,499,0,0
898,800,0,98
398,400,0,-2
198,197,0,1
199,197,0,2
599,600,0,-1
698,697,0,1
698,699,0,-1
399,400,0,-1
598,597,0,1
799,397,0,402
899,898,0,1
198,197,0,1
799,797,0,2
398,397,0,1
98,296,0,-198
299,202,0,97
399,398,0,1
98,99,0,-1
699,699,0,0
699,697,0,2
599,497,0,102
599,497,0,102
99,101,0,-2
598,597,0,1
598,597,0,1
498,501,0,-3
498,496,0,2
499,499,0,0
898,897,0,1
699,697,0,2
799,797,0,2
599,597,0,2
898,899,0,-1
399,301,0,98
499,499,0,0
99,99,0,0
798,797,0,1
99,3720,0,-3621
898,897,0,1
699,697,0,2
499,597,0,-98
198,200,0,-2
298,299,0,-1
98,99,0,-1
599,600,0,-1
298,297,0,1
599,599,0,0
399,400,0,-1
298,297,0,1
899,598,0,301
498,495,0,3
598,597,0,1
599,497,0,102
298,4360,0,-4062
298,299,0,-1
699,699,0,0
298,299,0,-1
698,747,0,-49
99,99,0,0
598,497,0,101
498,520,0,-22
198,400,0,-202
899,897,0,2
398,394,0,4
799,797,0,2
798,797,0,1
398,101,0,297
99,99,0,0
899,907,0,-8
298,301,0,-3
899,899,0,0
399,397,0,2
698,697,0,1
99,97,0,2
898,897,0,1
899,899,0,0
598,600,0,-2
99,97,0,2
99,699,0,-600
398,400,0,-2
698,707,0,-9
98,99,0,-1
898,897,0,1
99,99,0,0
398,400,0,-2
98,99,0,-1
98,99,0,-1
298,297,0,1
799,901,0,-102
98,97,0,1
399,459,0,-60
599,598,0,1
298,299,0,-1
498,499,0,-1
699,679,0,20
698,400,0,298
498,497,0,1
199,194,0,5
199,200,0,-1
798,800,0,-2
899,899,0,0
798,805,0,-7
299,299,0,0
399,397,0,2
699,699,0,0
799,390,0,409
698,699,0,-1
898,897,0,1
599,597,0,2
599,600,0,-1
398,397,0,1
198,200,0,-2
198,194,0,4
698,699,0,-1
699,699,0,0
198,197,0,1
398,400,0,-2
199,498,0,-299
898,907,0,-9
798,797,0,1
499,499,0,0
399,400,0,-1
198,197,0,1
99,99,0,0
599,600,0,-1
899,700,0,199
599,600,0,-1
398,397,0,1
199,200,0,-1
199,697,0,-498
599,697,0,-98
899,897,0,2
198,197,0,1
199,200,0,-1
298,299,0,-1
699,701,0,-2
698,560,0,138
398,400,0,-2
699,699,0,0
399,397,0,2
498,497,0,1
299,299,0,0
298,299,0,-1
199,197,0,2
598,600,0,-2
599,600,0,-1
98,99,0,-1
698,699,0,-1
599,597,0,2
98,99,0,-1
698,699,0,-1
399,397,0,2
598,600,0,-2
898,898,0,0
399,397,0,2
799,937,0,-138
298,299,0,-1
399,397,0,2
299,299,0,0
299,200,0,99
799,800,0,-1
698,699,0,-1
599,600,0,-1
98,96,0,2
98,5117,0,-5019
199,197,0,2
599,597,0,2
299,299,0,0
99,99,0,0
899,899,0,0
798,797,0,1
699,697,0,2
798,797,0,1
599,597,0,2
298,299,0,-1
99,99,0,0
299,297,0,2
699,697,0,2
699,805,0,-106
698,699,0,-1
299,96,0,203
899,806,0,93
499,499,0,0
399,397,0,2
698,697,0,1
698,699,0,-1
498,499,0,-1
598,600,0,-2
298,299,0,-1
799,800,0,-1
498,598,0,-100
899,899,0,0
398,431,0,-33
599,600,0,-1
799,797,0,2
299,400,0,-101
898,897,0,1
399,397,0,2
99,96,0,3
198,197,0,1
298,297,0,1
498,499,0,-1
398,400,0,-2
699,697,0,2
298,299,0,-1
399,397,0,2
499,499,0,0
98,99,0,-1
798,800,0,-2
499,898,0,-399
799,797,0,2
98,99,0,-1
198,298,0,-100
898,937,0,-39
899,897,0,2
98,99,0,-1
799,797,0,2
199,197,0,2
498,497,0,1
799,797,0,2
98,1720,0,-1622
298,299,0,-1
898,899,0,-1
798,800,0,-2
698,697,0,1
299,297,0,2
798,697,0,101
199,197,0,2
599,597,0,2
599,600,0,-1
298,296,0,2
899,899,0,0
98,97,0,1
399,400,0,-1
499,499,0,0
298,400,0,-102
699,699,0,0
98,97,0,1
199,197,0,2
498,499,0,-1
498,505,0,-7
198,197,0,1
498,499,0,-1
698,699,0,-1
99,99,0,0
499,499,0,0
99,4246,0,-4147
199,200,0,-1
798,,,
498,496,0,2
898,899,0,-1
598,806,0,-208
798,797,0,1
199,200,0,-1
898,899,0,-1
398,400,0,-2
899,899,0,0
199,197,0,2
398,400,0,-2
399,400,0,-1
98,99,0,-1
499,497,0,2
599,597,0,2
599,301,0,298
899,899,0,0
398,400,0,-2
599,902,0,-303
98,99,0,-1
898,897,0,1
298,498,0,-200
299,405,0,-106
498,501,0,-3
699,699,0,0
398,798,0,-400
898,880,0,18
598,600,0,-2
898,899,0,-1
198,200,0,-2
698,699,0,-1
698,699,0,-1
598,,,
99,96,0,3
898,897,0,1
299,299,0,0
299,297,0,2
598,597,0,1
399,397,0,2
899,897,0,2
499,497,0,2
99,99,0,0
599,597,0,2
299,297,0,2
799,800,0,-1
599,898,0,-299
398,400,0,-2
399,398,0,1
799,797,0,2
699,698,0,1
398,397,0,1
698,680,0,18
598,600,0,-2
199,200,0,-1
798,800,0,-2
498,707,0,-209
99,598,0,-499
99,99,0,0
98,99,0,-1
299,299,0,0
699,699,0,0
899,899,0,0
798,697,0,101
799,896,0,-97
298,299,0,-1
599,597,0,2
799,797,0,2
799,800,0,-1
399,400,0,-1
698,697,0,1
299,299,0,0
598,597,0,1
498,499,0,-1
298,299,0,-1
398,400,0,-2
498,501,0,-3
199,200,0,-1
798,797,0,1
899,899,0,0
499,4790,0,-4291
499,101,0,398
499,5389,0,-4890
399,400,0,-1
498,498,0,0
298,405,0,-107
199,195,0,4
599,600,0,-1
98,5795,0,-5697
498,477,0,21
599,597,0,2
98,96,0,2
299,297,0,2
499,499,0,0
899,899,0,0
99,98,0,1
599,597,0,2
199,197,0,2
498,497,0,1
98,99,0,-1
398,397,0,1
398,400,0,-2
98,99,0,-1
698,680,0,18
399,96,0,303
399,400,0,-1
798,800,0,-2
699,701,0,-2
499,499,0,0
98,99,0,-1
899,899,0,0
98,99,0,-1
99,97,0,2
398,5206,0,-4808
298,297,0,1
798,800,0,-2
798,797,0,1
898,899,0,-1
299,299,0,0
698,699,0,-1
699,699,0,0
299,270,0,29
398,397,0,1
399,397,0,2
699,99,0,600
699,697,0,2
899,907,0,-8
699,699,0,0
698,699,0,-1
199,200,0,-1
499,499,0,0
798,700,0,98
298,297,0,1
499,698,0,-199
798,800,0,-2
99,97,0,2
198,,,
199,195,0,4
498,499,0,-1
698,697,0,1
198,3498,0,-3300
798,797,0,1
298,301,0,-3
98,99,0,-1
198,197,0,1
698,697,0,1
198,198,0,0
398,431,0,-33
599,597,0,2
398,397,0,1
299,320,0,-21
498,499,0,-1
199,197,0,2
299,299,0,0
198,197,0,1
299,297,0,2
99,100,0,-1
98,97,0,1
499,405,0,94
498,805,0,-307
98,99,0,-1
899,897,0,2
399,397,0,2
598,600,0,-2
199,5301,0,-5102
199,197,0,2
499,498,0,1
98,120,0,-22
398,497,0,-99
198,197,0,1
798,501,0,297
199,200,0,-1
498,499,0,-1
499,197,0,302
799,800,0,-1
498,499,0,-1
99,99,0,0
698,699,0,-1
498,499,0,-1
499,497,0,2
399,397,0,2
199,197,0,2
398,477,0,-79
399,1040,0,-641
99,96,0,3
598,600,0,-2
498,499,0,-1
598,101,0,497
898,899,0,-1
898,897,0,1
899,899,0,0
399,397,0,2
199,197,0,2
499,499,0,0
98,99,0,-1
698,699,0,-1
399,400,0,-1
99,101,0,-2
699,699,0,0
799,800,0,-1
599,600,0,-1
399,400,0,-1
898,899,0,-1
898,899,0,-1
398,400,0,-2
498,497,0,1
798,800,0,-2
199,197,0,2
798,800,0,-2
299,299,0,0
198,897,0,-699
698,697,0,1
699,699,0,0
498,200,0,298
398,397,0,1
898,800,0,98
499,497,0,2
298,299,0,-1
98,99,0,-1
399,400,0,-1
898,899,0,-1
899,897,0,2
298,990,0,-692
198,197,0,1
899,899,0,0
398,398,0,0
99,398,0,-299
398,498,0,-100
899,897,0,2
598,600,0,-2
499,4818,0,-4319
299,231,0,68
899,899,0,0
898,899,0,-1
399,400,0,-1
298,296,0,2
599,600,0,-1
698,954,0,-256
598,597,0,1
698,699,0,-1
699,697,0,2
799,698,0,101
499,497,0,2
798,797,0,1
899,880,0,19
99,147,0,-48
299,299,0,0
598,597,0,1
98,3468,0,-3370
699,397,0,302
299,299,0,0
798,840,0,-42
799,805,0,-6
499,497,0,2
199,197,0,2
699,697,0,2
99,99,0,0
199,200,0,-1
799,797,0,2
798,697,0,101
699,697,0,2
598,600,0,-2
299,299,0,0
198,296,0,-98
399,400,0,-1
499,605,0,-106
299,297,0,2
899,901,0,-2
598,897,0,-299
599,697,0,-98
298,299,0,-1
199,200,0,-1
698,699,0,-1
798,800,0,-2
199,197,0,2
598,597,0,1
198,197,0,1
698,697,0,1
798,898,0,-100
399,397,0,2
199,200,0,-1
799,797,0,2
98,99,0,-1
798,797,0,1
798,797,0,1
399,397,0,2
399,400,0,-1
198,200,0,-2
298,299,0,-1
599,597,0,2
99,99,0,0
498,499,0,-1
898,911,0,-13
799,802,0,-3
499,499,0,0
598,600,0,-2
299,320,0,-21
798,797,0,1
699,697,0,2
98,99,0,-1
98,99,0,-1
299,297,0,2
299,299,0,0
499,497,0,2
98,96,0,2
99,99,0,0
798,797,0,1
298,299,0,-1
198,200,0,-2
898,899,0,-1
698,699,0,-1
99,200,0,-101
698,699,0,-1
899,899,0,0
499,606,0,-107
199,197,0,2
99,3874,0,-3775
99,97,0,2
98,4040,0,-3942
498,507,0,-9
199,197,0,2
598,597,0,1
799,898,0,-99
98,99,0,-1
799,800,0,-1
799,800,0,-1
799,797,0,2
798,805,0,-7
399,696,0,-297
498,499,0,-1
899,897,0,2
198,197,0,1
599,597,0,2
598,597,0,1
498,499,0,-1
599,597,0,2
799,799,0,0
498,511,0,-13
699,699,0,0
699,698,0,1
98,99,0,-1
299,299,0,0
498,499,0,-1
198,197,0,1
598,597,0,1
198,202,0,-4
198,200,0,-2
599,597,0,2
99,99,0,0
699,699,0,0
799,797,0,2
598,597,0,1
699,699,0,0
899,899,0,0
199,200,0,-1
99,99,0,0
399,400,0,-1
199,197,0,2
98,99,0,-1
198,197,0,1
299,301,0,-2
499,497,0,2
98,99,0,-1
498,499,0,-1
198,200,0,-2
499,499,0,0
799,800,0,-1
198,496,0,-298
99,99,0,0
498,497,0,1
899,897,0,2
398,400,0,-2
598,595,0,3
799,797,0,2
99,99,0,0
899,897,0,2
899,897,0,2
399,400,0,-1
798,797,0,1
99,696,0,-597
399,400,0,-1
199,197,0,2
499,197,0,302
598,599,0,-1
899,899,0,0
198,200,0,-2
698,697,0,1
498,499,0,-1
399,400,0,-1
298,298,0,0
298,299,0,-1
599,898,0,-299
598,697,0,-99
698,699,0,-1
499,499,0,0
798,806,0,-8
298,400,0,-102
499,497,0,2
599,597,0,2
399,402,0,-3
399,400,0,-1
198,200,0,-2
498,499,0,-1
199,200,0,-1
899,897,0,2
898,901,0,-3
498,496,0,2
298,299,0,-1
99,99,0,0
798,800,0,-2
899,899,0,0
398,397,0,1
298,200,0,98
798,797,0,1
299,299,0,0
798,800,0,-2
399,397,0,2
898,911,0,-13
299,297,0,2
598,600,0,-2
799,798,0,1
598,897,0,-299
198,197,0,1
199,200,0,-1
199,197,0,2
799,800,0,-1
299,297,0,2
198,200,0,-2
398,898,0,-500
898,899,0,-1
598,597,0,1
599,597,0,2
498,499,0,-1
298,299,0,-1
298,296,0,2
598,600,0,-2
798,797,0,1
498,499,0,-1
98,99,0,-1
198,200,0,-2
399,397,0,2
698,600,0,98
298,299,0,-1
98,99,0,-1
299,299,0,0
698,699,0,-1
398,397,0,1
698,677,0,21
199,197,0,2
298,299,0,-1
799,797,0,2
799,296,0,503
498,200,0,298
398,400,0,-2
98,97,0,1
98,99,0,-1
99,99,0,0
598,600,0,-2
198,197,0,1
898,897,0,1
898,899,0,-1
98,101,0,-3
398,397,0,1
398,400,0,-2
599,600,0,-1
798,800,0,-2
598,600,0,-2
298,297,0,1
798,797,0,1
499,497,0,2
598,697,0,-99
598,597,0,1
298,299,0,-1
498,497,0,1
798,798,0,0
398,400,0,-2
99,2139,0,-2040
699,297,0,402
99,98,0,1
99,99,0,0
499,499,0,0
99,99,0,0
399,395,0,4
499,499,0,0
699,697,0,2
499,497,0,2
898,899,0,-1
499,499,0,0
399,405,0,-6
799,797,0,2
898,899,0,-1
598,597,0,1
598,600,0,-2
